; Angstrom photons/s/cm2/A/sr
      1300.68      209.208
      1300.69      239.611
      1300.70      273.706
      1300.71      312.852
      1300.72      357.235
      1300.73      406.851
      1300.74      463.636
      1300.75      526.982
      1300.76      599.327
      1300.77      680.915
      1300.78      771.639
      1300.79      874.923
      1300.80      991.028
      1300.81      1119.72
      1300.82      1265.77
      1300.83      1429.41
      1300.84      1610.22
      1300.85      1814.74
      1300.86      2043.17
      1300.87      2294.76
      1300.88      2578.42
      1300.89      2894.22
      1300.90      3240.90
      1300.91      3630.53
      1300.92      4057.34
      1300.93      4535.99
      1300.94      5065.98
      1300.95      5644.67
      1300.96      6291.53
      1300.97      7005.43
      1300.98      7782.39
      1300.99      8648.05
      1301.00      9600.28
      1301.01      10633.2
      1301.02      11780.3
      1301.03      13038.0
      1301.04      14397.8
      1301.05      15902.8
      1301.06      17547.5
      1301.07      19319.8
      1301.08      21274.9
      1301.09      23377.2
      1301.10      25691.3
      1301.11      28205.9
      1301.12      30900.7
      1301.13      33857.0
      1301.14      37058.7
      1301.15      40478.2
      1301.16      44216.9
      1301.17      48252.2
      1301.18      52547.4
      1301.19      57227.6
      1301.20      62261.7
      1301.21      67601.9
      1301.22      73400.8
      1301.23      79616.6
      1301.24      86187.4
      1301.25      93298.2
      1301.26      100798.
      1301.27      108895.
      1301.28      117523.
      1301.29      126591.
      1301.30      136347.
      1301.31      146707.
      1301.32      157556.
      1301.33      169186.
      1301.34      181491.
      1301.35      194331.
      1301.36      208046.
      1301.37      222504.
      1301.38      237536.
      1301.39      253532.
      1301.40      270333.
      1301.41      287735.
      1301.42      306185.
      1301.43      325248.
      1301.44      345409.
      1301.45      366448.
      1301.46      388102.
      1301.47      410914.
      1301.48      434628.
      1301.49      458939.
      1301.50      484448.
      1301.51      510858.
      1301.52      537825.
      1301.53      566006.
      1301.54      595060.
      1301.55      624604.
      1301.56      655348.
      1301.57      686909.
      1301.58      718863.
      1301.59      751970.
      1301.60      785388.
      1301.61      819908.
      1301.62      855079.
      1301.63      890418.
      1301.64      926748.
      1301.65      963585.
      1301.66  1.00042e+06
      1301.67  1.03809e+06
      1301.68  1.07610e+06
      1301.69  1.11390e+06
      1301.70  1.15236e+06
      1301.71  1.19094e+06
      1301.72  1.22910e+06
      1301.73  1.26770e+06
      1301.74  1.30572e+06
      1301.75  1.34402e+06
      1301.76  1.38205e+06
      1301.77  1.41925e+06
      1301.78  1.45648e+06
      1301.79  1.49316e+06
      1301.80  1.52879e+06
      1301.81  1.56415e+06
      1301.82  1.59871e+06
      1301.83  1.63197e+06
      1301.84  1.66468e+06
      1301.85  1.69632e+06
      1301.86  1.72645e+06
      1301.87  1.75574e+06
      1301.88  1.78371e+06
      1301.89  1.80998e+06
      1301.90  1.83513e+06
      1301.91  1.85846e+06
      1301.92  1.88050e+06
      1301.93  1.90086e+06
      1301.94  1.91930e+06
      1301.95  1.93619e+06
      1301.96  1.95125e+06
      1301.97  1.96430e+06
      1301.98  1.97560e+06
      1301.99  1.98497e+06
      1302.00  1.99228e+06
      1302.01  1.99770e+06
      1302.02  2.00111e+06
      1302.03  2.00249e+06
      1302.04  2.00188e+06
      1302.05  1.99924e+06
      1302.06  1.99466e+06
      1302.07  1.98803e+06
      1302.08  1.97954e+06
      1302.09  1.96899e+06
      1302.10  1.95653e+06
      1302.11  1.94236e+06
      1302.12  1.92618e+06
      1302.13  1.90821e+06
      1302.14  1.88874e+06
      1302.15  1.86736e+06
      1302.16  1.84435e+06
      1302.17  1.82009e+06
      1302.18  1.79406e+06
      1302.19  1.76660e+06
      1302.20  1.73817e+06
      1302.21  1.70813e+06
      1302.22  1.67692e+06
      1302.22  1.64501e+06
      1302.23  1.61170e+06
      1302.24  1.57790e+06
      1302.25  1.54284e+06
      1302.26  1.50704e+06
      1302.27  1.47103e+06
      1302.28  1.43401e+06
      1302.29  1.39651e+06
      1302.30  1.35908e+06
      1302.31  1.32088e+06
      1302.32  1.28245e+06
      1302.33  1.24435e+06
      1302.34  1.20572e+06
      1302.35  1.16711e+06
      1302.36  1.12907e+06
      1302.37  1.09072e+06
      1302.38  1.05260e+06
      1302.39  1.01525e+06
      1302.40      977807.
      1302.41      941239.
      1302.42      904702.
      1302.43      868705.
      1302.44      833724.
      1302.45      798942.
      1302.46      764836.
      1302.47      731849.
      1302.48      699201.
      1302.49      667333.
      1302.50      636647.
      1302.51      606410.
      1302.52      577024.
      1302.53      548850.
      1302.54      521204.
      1302.55      494451.
      1302.56      468906.
      1302.57      443943.
      1302.58      420172.
      1302.59      397005.
      1302.60      374735.
      1302.61      353612.
      1302.62      333106.
      1302.63      313472.
      1302.64      294921.
      1302.65      276980.
      1302.66      259867.
      1302.67      243759.
      1302.68      228239.
      1302.69      213491.
      1302.70      199661.
      1302.71      186385.
      1302.72      173815.
      1302.73      162070.
      1302.74      150837.
      1302.75      140366.
      1302.76      130374.
      1302.77      120971.
      1302.78      112238.
      1302.79      103934.
      1302.80      96146.8
      1302.81      88939.4
      1302.82      82110.6
      1302.83      75729.5
      1302.84      69843.8
      1302.85      64286.5
      1302.86      59111.6
      1302.87      54354.9
      1302.88      49879.0
      1302.89      45725.4
      1302.90      41920.5
      1302.91      38352.5
      1302.92      35091.3
      1302.93      32040.0
      1302.94      29224.5
      1302.95      26659.7
      1302.96      24268.1
      1302.97      22068.7
      1302.98      20072.0
      1302.99      18216.2
      1303.00      16515.2
      1303.01      14976.2
      1303.02      13550.5
      1303.03      12248.2
      1303.04      11073.6
      1303.05      9989.22
      1303.06      9001.90
      1303.07      8114.40
      1303.08      7297.69
      1303.09      6565.15
      1303.10      5892.51
      1303.11      5283.44
      1303.12      4738.92
      1303.13      4240.55
      1303.14      3790.75
      1303.15      3389.93
      1303.16      3024.27
      1303.17      2695.33
      1303.18      2403.15
      1303.19      2137.46
      1303.20      1899.22
      1303.21      1688.29
      1303.22      1497.10
      1303.23      1328.19
      1303.24      1175.42
      1303.25      1039.16
      1303.26      919.170
      1303.27      810.987
      1303.28      714.813
      1303.29      630.388
      1303.30      554.515
      1303.31      487.281
      1303.32      428.448
      1303.33      375.743
      1303.34      329.188
      1303.35      288.579
      1303.36      252.316
      1303.37      220.387
      1303.38      192.624
