  3.8281441861E+004  4.8943670093E+003
  3.8311251914E+004  5.9090956056E+003
  3.8341217828E+004  7.8517895213E+003
  3.8371465420E+004  1.2174134730E+004
  3.8401073709E+004  2.3146311318E+004
  3.8431161950E+004  3.2381201830E+004
  3.8461788303E+004  4.0458291086E+004
  3.8491057878E+004  4.7007968976E+004
  3.8520973608E+004  5.3825409735E+004
  3.8551534406E+004  6.1617912899E+004
  3.8581812136E+004  7.0920694511E+004
  3.8611848250E+004  8.2578142692E+004
  3.8641632217E+004  9.7086085507E+004
  3.8671165663E+004  1.1344808388E+005
  3.8701412023E+004  1.2960626051E+005
  3.8731461141E+004  1.4457582885E+005
  3.8761268081E+004  1.5712360167E+005
  3.8791757410E+004  1.6858671570E+005
  3.8821147829E+004  1.7855835769E+005
  3.8851192423E+004  1.8785771015E+005
  3.8880994262E+004  1.9619322418E+005
  3.8911412069E+004  2.0371191263E+005
  3.8941573733E+004  2.1008379231E+005
  3.8971519283E+004  2.1517615580E+005
  3.9001289436E+004  2.1882998264E+005
  3.9030866969E+004  2.2122225921E+005
  3.9061145307E+004  2.2313490836E+005
  3.9091360218E+004  2.2434782885E+005
  3.9121545692E+004  2.2357144943E+005
  3.9150932688E+004  2.2107956295E+005
  3.9181308805E+004  2.1732108967E+005
  3.9211089215E+004  2.1319769621E+005
  3.9241205625E+004  2.0907014585E+005
  3.9271752991E+004  2.0479045739E+005
  3.9301038982E+004  2.0014395562E+005
  3.9331792254E+004  1.9489065523E+005
  3.9361348067E+004  1.9364307218E+005
  3.9391563416E+004  1.8533930706E+005
  3.9421510647E+004  1.8053052693E+005
  3.9451158526E+004  1.7619173757E+005
  3.9481491995E+004  1.7203204795E+005
  3.9511484326E+004  1.6816389083E+005
  3.9541088556E+004  1.6457550532E+005
  3.9571344274E+004  1.6113560487E+005
  3.9601144619E+004  1.5794388732E+005
  3.9631557972E+004  1.5488987576E+005
  3.9661429596E+004  1.5208335869E+005
  3.9691873334E+004  1.4940748250E+005
  3.9721687231E+004  1.4695381094E+005
  3.9752039760E+004  1.4461382119E+005
  3.9781690922E+004  1.4247045166E+005
  3.9811841480E+004  1.4042181287E+005
  3.9842487432E+004  1.3845512970E+005
  3.9872326022E+004  1.3664210080E+005
  3.9902634912E+004  1.3490203438E+005
  3.9932077213E+004  1.3330252714E+005
  3.9961973137E+004  1.3176341381E+005
  3.9992335076E+004  1.3028063583E+005
  4.0021766328E+004  1.2891315631E+005
  4.0051648121E+004  1.2759028968E+005
  4.0081995711E+004  1.2631014952E+005
  4.0112823336E+004  1.2507077254E+005
  4.0142641998E+004  1.2392675334E+005
  4.0172923272E+004  1.2281928656E+005
  4.0202132499E+004  1.2179473528E+005
  4.0231785635E+004  1.2079271999E+005
  4.0261895250E+004  1.1981292793E+005
  4.0292474574E+004  1.1885461163E+005
  4.0321890685E+004  1.1796633099E+005
  4.0351753656E+004  1.1709910477E+005
  4.0382076284E+004  1.1624905259E+005
  4.0412871716E+004  1.1541543876E+005
  4.0442402595E+004  1.1464215710E+005
  4.0472378890E+004  1.1388183009E+005
  4.0502811606E+004  1.1313411003E+005
  4.0531881511E+004  1.1244166430E+005
  4.0563233992E+004  1.1171808971E+005
  4.0593191524E+004  1.1104873284E+005
  4.0623595680E+004  1.1039074321E+005
  4.0652514937E+004  1.0978480865E+005
  4.0683815731E+004  1.0914969324E+005
  4.0713497701E+004  1.0856616698E+005
  4.0743422525E+004  1.0799530858E+005
  4.0773590016E+004  1.0743666262E+005
  4.0804000083E+004  1.0688984330E+005
  4.0832601594E+004  1.0638975049E+005
  4.0863480405E+004  1.0586448871E+005
  4.0892519284E+004  1.0538375002E+005
  4.0923866586E+004  1.0487858117E+005
  4.0953342631E+004  1.0441616995E+005
  4.0983029675E+004  1.0396231865E+005
  4.1012927703E+004  1.0351677651E+005
  4.1043036711E+004  1.0307922668E+005
  4.1073356705E+004  1.0264881760E+005
  4.1103887691E+004  1.0222507092E+005
  4.1132426824E+004  1.0183752885E+005
  4.1163364746E+004  1.0142644493E+005
  4.1192281762E+004  1.0105171014E+005
  4.1223626657E+004  1.0065821286E+005
  4.1252921604E+004  1.0030124459E+005
  4.1282398543E+004  9.9951389517E+004
  4.1314346497E+004  9.9581637959E+004
  4.1344201503E+004  9.9244083666E+004
  4.1374238594E+004  9.8911509060E+004
  4.1404457814E+004  9.8583415474E+004
  4.1432514175E+004  9.8284138555E+004
  4.1463083796E+004  9.7963402932E+004
  4.1493835720E+004  9.7645943631E+004
  4.1524770027E+004  9.7331443231E+004
  4.1553486726E+004  9.7043564659E+004
  4.1584772025E+004  9.6734306803E+004
  4.1613812892E+004  9.6451109642E+004
  4.1643009500E+004  9.6169882470E+004
  4.1674815026E+004  9.5867194747E+004
  4.1704336432E+004  9.5589404266E+004
  4.1734013923E+004  9.5312994976E+004
  4.1763847627E+004  9.5037833459E+004
  4.1793837683E+004  9.4763798710E+004
  4.1823984241E+004  9.4490736837E+004
  4.1854287458E+004  9.4218544710E+004
  4.1884747502E+004  9.3948668426E+004
  4.1912807131E+004  9.3705181081E+004
  4.1943568268E+004  9.3443491197E+004
  4.1974486782E+004  9.3185469514E+004
  4.2002967180E+004  9.2951826372E+004
  4.2034187923E+004  9.2699745387E+004
  4.2062945742E+004  9.2470973974E+004
  4.2094469554E+004  9.2223654311E+004
  4.2123505600E+004  9.1998800810E+004
  4.2152675015E+004  9.1775548810E+004
  4.2184648550E+004  9.1533650524E+004
  4.2214097514E+004  9.1313292417E+004
  4.2243680520E+004  9.1094202919E+004
  4.2273397801E+004  9.0876328421E+004
  4.2303249598E+004  9.0659595881E+004
  4.2333236162E+004  9.0444033776E+004
  4.2363357750E+004  9.0229704306E+004
  4.2393614629E+004  9.0016569522E+004
  4.2424007072E+004  8.9804553016E+004
  4.2454535357E+004  8.9593567600E+004
  4.2485199764E+004  8.9383529909E+004
  4.2513194859E+004  8.9193347453E+004
  4.2544119926E+004  8.8984942896E+004
  4.2575181950E+004  8.8777362463E+004
  4.2603539247E+004  8.8589347615E+004
  4.2634863552E+004  8.8383257691E+004
  4.2663459781E+004  8.8196524567E+004
  4.2695047463E+004  8.7991756143E+004
  4.2723883633E+004  8.7806147669E+004
  4.2755735815E+004  8.7602608375E+004
  4.2784812960E+004  8.7418492531E+004
  4.2814005227E+004  8.7235540427E+004
  4.2843312859E+004  8.7053714416E+004
  4.2875684796E+004  8.6854970251E+004
  4.2905235503E+004  8.6675417941E+004
  4.2934902350E+004  8.6496904644E+004
  4.2964685596E+004  8.6319393728E+004
  4.2994585501E+004  8.6142846942E+004
  4.3024602327E+004  8.5967225682E+004
  4.3054736343E+004  8.5792491149E+004
  4.3084987819E+004  8.5618605088E+004
  4.3115357031E+004  8.5445530377E+004
  4.3145844255E+004  8.5273233170E+004
  4.3173383891E+004  8.5118837208E+004
  4.3204096119E+004  8.4948070937E+004
  4.3234927188E+004  8.4778150784E+004
  4.3265877391E+004  8.4609077815E+004
  4.3293834679E+004  8.4457626338E+004
  4.3325012057E+004  8.4290121096E+004
  4.3356192394E+004  8.4124036258E+004
  4.3383876633E+004  8.3977777191E+004
  4.3414301532E+004  8.3818317419E+004
  4.3444520089E+004  8.3661225587E+004
  4.3474675236E+004  8.3505704098E+004
  4.3504903469E+004  8.3351023583E+004
  4.3535336345E+004  8.3196509487E+004
  4.3566099216E+004  8.3041539507E+004
  4.3594164929E+004  8.2901227298E+004
  4.3625869401E+004  8.2743957555E+004
  4.3654936056E+004  8.2600914594E+004
  4.3684233444E+004  8.2457828500E+004
  4.3713631048E+004  8.2315336964E+004
  4.3746412906E+004  8.2157691364E+004
  4.3776022937E+004  8.2016401719E+004
  4.3805734003E+004  8.1875657239E+004
  4.3835546376E+004  8.1735449977E+004
  4.3865460328E+004  8.1595772680E+004
  4.3895476136E+004  8.1456615683E+004
  4.3925594079E+004  8.1317972862E+004
  4.3955814439E+004  8.1179847946E+004
  4.3986137503E+004  8.1042240955E+004
  4.4016563559E+004  8.0905133240E+004
  4.4043695641E+004  8.0783606421E+004
  4.4074317038E+004  8.0647221228E+004
  4.4105042280E+004  8.0511219029E+004
  4.4135871670E+004  8.0375624600E+004
  4.4166805511E+004  8.0240457662E+004
  4.4194390197E+004  8.0120679512E+004
  4.4225522182E+004  7.9986353605E+004
  4.4256759519E+004  7.9852481052E+004
  4.4284614742E+004  7.9733863875E+004
  4.4316051950E+004  7.9600844937E+004
  4.4344085347E+004  7.9482979781E+004
  4.4375723578E+004  7.9350796215E+004
  4.4403936180E+004  7.9233669623E+004
  4.4435776600E+004  7.9102331123E+004
  4.4464169445E+004  7.8985977864E+004
  4.4496213223E+004  7.8855535486E+004
  4.4524787351E+004  7.8740001283E+004
  4.4557035663E+004  7.8610495439E+004
  4.4585792124E+004  7.8495795766E+004
  4.4614634754E+004  7.8381484373E+004
  4.4647185937E+004  7.8253341822E+004
  4.4676212298E+004  7.8139837548E+004
  4.4705325468E+004  7.8026703604E+004
  4.4734525682E+004  7.7913936005E+004
  4.4763813176E+004  7.7801532135E+004
  4.4796866228E+004  7.7675512170E+004
  4.4826339980E+004  7.7563884855E+004
  4.4855901755E+004  7.7452621320E+004
  4.4885551795E+004  7.7341717611E+004
  4.4915290341E+004  7.7231171863E+004
  4.4945117635E+004  7.7120981087E+004
  4.4975033921E+004  7.7011140982E+004
  4.5005039445E+004  7.6901646999E+004
  4.5035134451E+004  7.6792498241E+004
  4.5065319188E+004  7.6683697660E+004
  4.5095593905E+004  7.6575246466E+004
  4.5125958851E+004  7.6467143804E+004
  4.5156414278E+004  7.6359387338E+004
  4.5186960438E+004  7.6251975684E+004
  4.5217597585E+004  7.6144911144E+004
  4.5244479929E+004  7.6051516058E+004
  4.5275288368E+004  7.5945106045E+004
  4.5306188532E+004  7.5839044157E+004
  4.5337180683E+004  7.5733329835E+004
  4.5364374476E+004  7.5641114298E+004
  4.5395539805E+004  7.5536048692E+004
  4.5426797873E+004  7.5431325465E+004
  4.5454224968E+004  7.5339970371E+004
  4.5485657641E+004  7.5235877464E+004
  4.5517183823E+004  7.5132112778E+004
  4.5544846149E+004  7.5041583295E+004
  4.5576548387E+004  7.4938422677E+004
  4.5604365183E+004  7.4848424177E+004
  4.5636244438E+004  7.4745873550E+004
  4.5664216547E+004  7.4656408903E+004
  4.5696273790E+004  7.4554469728E+004
  4.5724402068E+004  7.4465540585E+004
  4.5756638283E+004  7.4364211517E+004
  4.5784923594E+004  7.4275811390E+004
  4.5817339775E+004  7.4175073944E+004
  4.5845782995E+004  7.4087116135E+004
  4.5874300208E+004  7.3999319263E+004
  4.5906982162E+004  7.3899186562E+004
  4.5935658587E+004  7.3811756451E+004
  4.5964409618E+004  7.3724505299E+004
  4.5997359548E+004  7.3625015364E+004
  4.6026271116E+004  7.3538163417E+004
  4.6055257916E+004  7.3451502215E+004
  4.6084320147E+004  7.3365033503E+004
  4.6117626750E+004  7.3266450196E+004
  4.6146851302E+004  7.3180399471E+004
  4.6176151925E+004  7.3094545323E+004
  4.6205528825E+004  7.3008888305E+004
  4.6234982209E+004  7.2923428516E+004
  4.6264512285E+004  7.2838165481E+004
  4.6298355121E+004  7.2740962000E+004
  4.6328050243E+004  7.2656119179E+004
  4.6357822721E+004  7.2571471538E+004
  4.6387672766E+004  7.2487016585E+004
  4.6417600594E+004  7.2402753182E+004
  4.6447606420E+004  7.2318681005E+004
  4.6477690461E+004  7.2234799897E+004
  4.6507852937E+004  7.2151109425E+004
  4.6538094067E+004  7.2067608672E+004
  4.6568414072E+004  7.1984296319E+004
  4.6594465595E+004  7.1913034998E+004
  4.6624932673E+004  7.1830070392E+004
  4.6655479267E+004  7.1747292037E+004
  4.6686105601E+004  7.1664700328E+004
  4.6716811903E+004  7.1582296922E+004
  4.6747598403E+004  7.1500083603E+004
  4.6778465332E+004  7.1418061590E+004
  4.6804986889E+004  7.1347909640E+004
  4.6836003800E+004  7.1266243562E+004
  4.6867101806E+004  7.1184768180E+004
  4.6898281141E+004  7.1103480784E+004
  4.6925071197E+004  7.1033949279E+004
  4.6956402201E+004  7.0952992662E+004
  4.6987815215E+004  7.0872210529E+004
  4.7014806109E+004  7.0803107083E+004
  4.7046372061E+004  7.0722648002E+004
  4.7078020710E+004  7.0642362162E+004
  4.7105214128E+004  7.0573683493E+004
  4.7137017001E+004  7.0493719438E+004
  4.7168903267E+004  7.0413928842E+004
  4.7196300912E+004  7.0345674652E+004
  4.7228342703E+004  7.0266205021E+004
  4.7255874019E+004  7.0198225228E+004
  4.7288072185E+004  7.0119074864E+004
  4.7315737905E+004  7.0051367765E+004
  4.7348093304E+004  6.9972534156E+004
  4.7375894164E+004  6.9905097794E+004
  4.7408407659E+004  6.9826580268E+004
  4.7436344399E+004  6.9759415428E+004
  4.7469016855E+004  6.9681215111E+004
  4.7497090220E+004  6.9614322258E+004
  4.7525226895E+004  6.9547554890E+004
  4.7558133244E+004  6.9469818435E+004
  4.7586407635E+004  6.9403323555E+004
  4.7614745842E+004  6.9336954497E+004
  4.7647887951E+004  6.9259682414E+004
  4.7676364972E+004  6.9193584348E+004
  4.7704906315E+004  6.9127610644E+004
  4.7738286060E+004  6.9050797764E+004
  4.7766967318E+004  6.8985091135E+004
  4.7795713408E+004  6.8919506710E+004
  4.7829332665E+004  6.8843145663E+004
  4.7858219773E+004  6.8777825093E+004
  4.7887172219E+004  6.8712625380E+004
  4.7916190166E+004  6.8647543579E+004
  4.7945273773E+004  6.8582577020E+004
  4.7979287850E+004  6.8506926632E+004
  4.8008514271E+004  6.8442206234E+004
  4.8037806860E+004  6.8377599584E+004
  4.8067165776E+004  6.8313107630E+004
  4.8096591178E+004  6.8248731371E+004
  4.8126083226E+004  6.8184471565E+004
  4.8155642079E+004  6.8120328625E+004
  4.8185267894E+004  6.8056302626E+004
  4.8214960829E+004  6.7992393421E+004
  4.8249687628E+004  6.7917955369E+004
  4.8279526529E+004  6.7854240502E+004
  4.8309433046E+004  6.7790615403E+004
  4.8339407334E+004  6.7727083882E+004
  4.8369449548E+004  6.7663648394E+004
  4.8399559843E+004  6.7600311624E+004
  4.8429738369E+004  6.7537079249E+004
  4.8459985281E+004  6.7473953323E+004
  4.8485243388E+004  6.7421430771E+004
  4.8515616064E+004  6.7358503687E+004
  4.8546057549E+004  6.7295686657E+004
  4.8576567993E+004  6.7232980457E+004
  4.8607147542E+004  6.7170385582E+004
  4.8637796341E+004  6.7107902293E+004
  4.8668514536E+004  6.7045530879E+004
  4.8699302267E+004  6.6983271927E+004
  4.8730159677E+004  6.6921126269E+004
  4.8755927514E+004  6.6868807533E+004
  4.8786913030E+004  6.6805083439E+004
  4.8817968615E+004  6.6741463190E+004
  4.8849094406E+004  6.6677945771E+004
  4.8880290534E+004  6.6614529943E+004
  4.8906341131E+004  6.6561760804E+004
  4.8937666549E+004  6.6498530765E+004
  4.8969062669E+004  6.6435402347E+004
  4.8995280201E+004  6.6382873106E+004
  4.9026806263E+004  6.6319931106E+004
  4.9058403375E+004  6.6257090473E+004
  4.9090071652E+004  6.6194351235E+004
  4.9116516330E+004  6.6142146053E+004
  4.9148315376E+004  6.6079592865E+004
  4.9180185906E+004  6.6017141113E+004
  4.9206799364E+004  6.5965175401E+004
  4.9238801224E+004  6.5902909326E+004
  4.9265524268E+004  6.5851098178E+004
  4.9297657796E+004  6.5789017672E+004
  4.9329863279E+004  6.5727039097E+004
  4.9356756213E+004  6.5675468754E+004
  4.9389093848E+004  6.5613679195E+004
  4.9416097028E+004  6.5562267400E+004
  4.9448567097E+004  6.5500669132E+004
  4.9475680750E+004  6.5449417433E+004
  4.9508283511E+004  6.5388011863E+004
  4.9535507842E+004  6.5336921028E+004
  4.9568243529E+004  6.5275708615E+004
  4.9595578719E+004  6.5224778080E+004
  4.9628447537E+004  6.5163753372E+004
  4.9655893746E+004  6.5112974947E+004
  4.9688895872E+004  6.5052131646E+004
  4.9716453234E+004  6.5001504645E+004
  4.9749588811E+004  6.4940842926E+004
  4.9777257434E+004  6.4890367190E+004
  4.9810526577E+004  6.4829887493E+004
  4.9838306541E+004  6.4779564005E+004
  4.9866137133E+004  6.4729310109E+004
  4.9899600683E+004  6.4669097798E+004
  4.9927542680E+004  6.4618998407E+004
  4.9961139925E+004  6.4558972988E+004
  4.9989193333E+004  6.4509030626E+004
  5.0017297376E+004  6.4459160386E+004
  5.0051089054E+004  6.4399411844E+004
  5.0079304458E+004  6.4349701507E+004
  5.0107570459E+004  6.4300064276E+004
  5.0135887036E+004  6.4250500466E+004
  5.0169933660E+004  6.4191121197E+004
  5.0198361424E+004  6.4141719642E+004
  5.0226839683E+004  6.4092391947E+004
  5.0261080200E+004  6.4033296475E+004
  5.0289669427E+004  6.3984132029E+004
  5.0318309030E+004  6.3935042250E+004
  5.0346998967E+004  6.3886027437E+004
  5.0381493264E+004  6.3827309017E+004
  5.0410293761E+004  6.3778460094E+004
  5.0439144425E+004  6.3729686962E+004
  5.0468045198E+004  6.3680989905E+004
  5.0496996015E+004  6.3632369315E+004
  5.0525996809E+004  6.3583825690E+004
  5.0560863631E+004  6.3525675348E+004
  5.0589974119E+004  6.3477301983E+004
  5.0619134341E+004  6.3429006508E+004
  5.0648344213E+004  6.3380789366E+004
  5.0677603648E+004  6.3332650994E+004
  5.0706912552E+004  6.3284591771E+004
  5.0736270829E+004  6.3236611872E+004
  5.0771565790E+004  6.3179140715E+004
  5.0801032324E+004  6.3131335474E+004
  5.0830547892E+004  6.3083609812E+004
  5.0860112379E+004  6.3035962609E+004
  5.0889725665E+004  6.2988393133E+004
  5.0919387627E+004  6.2940901753E+004
  5.0949098136E+004  6.2893489175E+004
  5.0978857059E+004  6.2846156154E+004
  5.1008664259E+004  6.2798903440E+004
  5.1038519594E+004  6.2751731815E+004
  5.1068422917E+004  6.2704642113E+004
  5.1098374078E+004  6.2657635203E+004
  5.1128372920E+004  6.2610711946E+004
  5.1158419284E+004  6.2563873175E+004
  5.1188513005E+004  6.2517119672E+004
  5.1218653913E+004  6.2470452173E+004
  5.1248841834E+004  6.2423871361E+004
  5.1279076591E+004  6.2377377760E+004
  5.1309357998E+004  6.2330969422E+004
  5.1339685869E+004  6.2284626998E+004
  5.1370060011E+004  6.2238351922E+004
  5.1400480228E+004  6.2192148814E+004
  5.1430946288E+004  6.2146020794E+004
  5.1461457804E+004  6.2099970489E+004
  5.1492014531E+004  6.2053999912E+004
  5.1516492316E+004  6.2017282021E+004
  5.1547129865E+004  6.1971459187E+004
  5.1577811997E+004  6.1925720537E+004
  5.1608538480E+004  6.1880067507E+004
  5.1639309077E+004  6.1834501537E+004
  5.1670123547E+004  6.1789023993E+004
  5.1700981644E+004  6.1743636343E+004
  5.1731883119E+004  6.1698340111E+004
  5.1756635361E+004  6.1662169944E+004
  5.1787614275E+004  6.1617041900E+004
  5.1818635847E+004  6.1572008952E+004
  5.1849699812E+004  6.1527072041E+004
  5.1880805901E+004  6.1482232133E+004
  5.1911953843E+004  6.1437490285E+004
  5.1936902145E+004  6.1401768173E+004
  5.1968124723E+004  6.1357205729E+004
  5.1999388371E+004  6.1312744234E+004
  5.2030692805E+004  6.1268383640E+004
  5.2062037734E+004  6.1224124582E+004
  5.2087142638E+004  6.1188791215E+004
  5.2118559720E+004  6.1144717859E+004
  5.2150016471E+004  6.1100749338E+004
  5.2181512591E+004  6.1056886951E+004
  5.2206737628E+004  6.1021874389E+004
  5.2238303843E+004  6.0978206565E+004
  5.2269908569E+004  6.0934648824E+004
  5.2301551495E+004  6.0891202536E+004
  5.2326893129E+004  6.0856526554E+004
  5.2358604024E+004  6.0813283761E+004
  5.2390352234E+004  6.0770155495E+004
  5.2422137442E+004  6.0727142916E+004
  5.2447592029E+004  6.0692816998E+004
  5.2479443020E+004  6.0650015914E+004
  5.2511330102E+004  6.0607334253E+004
  5.2536865536E+004  6.0573275855E+004
  5.2568816762E+004  6.0530812708E+004
  5.2600803163E+004  6.0488472918E+004
  5.2626417389E+004  6.0454690830E+004
  5.2658466275E+004  6.0412576549E+004
  5.2690549411E+004  6.0370589476E+004
  5.2722666465E+004  6.0328731034E+004
  5.2748384305E+004  6.0295337888E+004
  5.2780561571E+004  6.0253714749E+004
  5.2812771822E+004  6.0212224454E+004
  5.2838563548E+004  6.0179128767E+004
  5.2870832330E+004  6.0137880756E+004
  5.2896670448E+004  6.0104980257E+004
  5.2928996680E+004  6.0063977936E+004
  5.2961354362E+004  6.0023113739E+004
  5.2987262929E+004  5.9990522702E+004
  5.3019676186E+004  5.9949909875E+004
  5.3052119562E+004  5.9909436394E+004
  5.3078095726E+004  5.9877158830E+004
  5.3110592481E+004  5.9836939461E+004
  5.3136610920E+004  5.9804866592E+004
  5.3169159985E+004  5.9764904936E+004
  5.3201737653E+004  5.9725088647E+004
  5.3227820163E+004  5.9693341474E+004
  5.3260448498E+004  5.9653791365E+004
  5.3286571123E+004  5.9622259505E+004
  5.3319249081E+004  5.9582981460E+004
  5.3351954163E+004  5.9543856916E+004
  5.3378137544E+004  5.9512668831E+004
  5.3410890653E+004  5.9473824428E+004
  5.3437112052E+004  5.9442862415E+004
  5.3469912182E+004  5.9404303104E+004
  5.3502738005E+004  5.9365904424E+004
  5.3529016959E+004  5.9335302261E+004
  5.3561888268E+004  5.9297196964E+004
  5.3588203224E+004  5.9266831681E+004
  5.3621119058E+004  5.9229025104E+004
  5.3647469254E+004  5.9198900863E+004
  5.3680428670E+004  5.9161398204E+004
  5.3706813360E+004  5.9131519218E+004
  5.3739815435E+004  5.9094325799E+004
  5.3772840819E+004  5.9057306507E+004
  5.3799277725E+004  5.9027817576E+004
  5.3832344380E+004  5.8991115932E+004
  5.3858813955E+004  5.8961883222E+004
  5.3891921017E+004  5.8925504405E+004
  5.3918422580E+004  5.8896531988E+004
  5.3951569211E+004  5.8860481100E+004
  5.3978102103E+004  5.8831773095E+004
  5.4011287492E+004  5.8796055328E+004
  5.4037851073E+004  5.8767615921E+004
  5.4071074435E+004  5.8732236553E+004
  5.4097668089E+004  5.8704070010E+004
  5.4130928667E+004  5.8669034431E+004
  5.4157551799E+004  5.8641145099E+004
  5.4190848864E+004  5.8606458501E+004
  5.4217500903E+004  5.8578849921E+004
  5.4250833756E+004  5.8544516191E+004
  5.4277514154E+004  5.8517191791E+004
  5.4310882127E+004  5.8483215916E+004
  5.4337590361E+004  5.8456179907E+004
  5.4370992813E+004  5.8422567039E+004
  5.4397728386E+004  5.8395823416E+004
  5.4431164711E+004  5.8362578538E+004
  5.4457927147E+004  5.8336131355E+004
  5.4491396769E+004  5.8303259636E+004
  5.4518185623E+004  5.8277113093E+004
  5.4551687997E+004  5.8244619847E+004
  5.4578502845E+004  5.8218778244E+004
  5.4612037462E+004  5.8186668905E+004
  5.4638877908E+004  5.8161136474E+004
  5.4672444287E+004  5.8129415222E+004
  5.4699309920E+004  5.8104194533E+004
  5.4732907327E+004  5.8072865713E+004
  5.4759797462E+004  5.8047961425E+004
  5.4793425292E+004  5.8017031035E+004
  5.4820339616E+004  5.7992447797E+004
  5.4847264601E+004  5.7968008670E+004
  5.4880935744E+004  5.7937663656E+004
  5.4907884527E+004  5.7913551723E+004
  5.4941585265E+004  5.7883618192E+004
  5.4968557608E+004  5.7859837445E+004
  5.5002287661E+004  5.7830320422E+004
  5.5029283354E+004  5.7806874917E+004
  5.5063042475E+004  5.7777779485E+004
  5.5090061333E+004  5.7754673236E+004
  5.5117090436E+004  5.7731719007E+004
  5.5150891176E+004  5.7703241161E+004
  5.5177943226E+004  5.7680631764E+004
  5.5211772571E+004  5.7652587368E+004
  5.5238847450E+004  5.7630326658E+004
  5.5272705270E+004  5.7602720517E+004
  5.5299802884E+004  5.7580812187E+004
  5.5326910582E+004  5.7559061323E+004
  5.5360809365E+004  5.7532092055E+004
  5.5387939712E+004  5.7510691255E+004
  5.5421866786E+004  5.7484159633E+004
  5.5449019754E+004  5.7463110734E+004
  5.5482975098E+004  5.7437021335E+004
  5.5510150685E+004  5.7416328113E+004
  5.5537336329E+004  5.7395794200E+004
  5.5571332539E+004  5.7370351989E+004
  5.5598540842E+004  5.7350179285E+004
  5.5632565409E+004  5.7325190966E+004
  5.5659796429E+004  5.7305383264E+004
  5.5687037571E+004  5.7285738981E+004
  5.5721103260E+004  5.7261414536E+004
  5.5748367247E+004  5.7242140579E+004
  5.5782461561E+004  5.7218281281E+004
  5.5809748510E+004  5.7199381201E+004
  5.5837045708E+004  5.7180648389E+004
  5.5871181663E+004  5.7157468571E+004
  5.5898502034E+004  5.7139114427E+004
  5.5932667062E+004  5.7116409874E+004
  5.5960010781E+004  5.7098437440E+004
  5.5987364938E+004  5.7080635569E+004
  5.6021572376E+004  5.7058623903E+004
  5.6048950172E+004  5.7041207748E+004
  5.6083187299E+004  5.7019679875E+004
  5.6110588963E+004  5.7002652046E+004
  5.6138001313E+004  5.6985797618E+004
  5.6172281858E+004  5.6964974165E+004
  5.6199718445E+004  5.6948511651E+004
  5.6227165891E+004  5.6932224085E+004
  5.6261490559E+004  5.6849117778E+004
  5.6288962653E+004  5.6847964482E+004
  5.6323318319E+004  5.6836906868E+004
  5.6350815370E+004  5.6825632857E+004
  5.6378323616E+004  5.6813320911E+004
  5.6412724771E+004  5.6797142308E+004
  5.6440258456E+004  5.6783866479E+004
  5.6467803560E+004  5.6770452325E+004
  5.6502251108E+004  5.6753624229E+004
  5.6529822172E+004  5.6740182599E+004
  5.6557404896E+004  5.6726800181E+004
  5.6591899814E+004  5.6710193619E+004
  5.6619509057E+004  5.6697027046E+004
  5.6647130216E+004  5.6683979771E+004
  5.6681673548E+004  5.6667852600E+004
  5.6709321823E+004  5.6655105042E+004
  5.6736982288E+004  5.6642500519E+004
  5.6771575144E+004  5.6626952628E+004
  5.6799263356E+004  5.6614684845E+004
  5.6826964047E+004  5.6602571831E+004
  5.6861607598E+004  5.6587651955E+004
  5.6889336703E+004  5.6575895734E+004
  5.6917078590E+004  5.6564301202E+004
  5.6951774069E+004  5.6550037810E+004
  5.6979545068E+004  5.6538812599E+004
  5.7007329167E+004  5.6527753599E+004
  5.7042077865E+004  5.6514165209E+004
  5.7069891807E+004  5.6503483938E+004
  5.7097719180E+004  5.6492971965E+004
  5.7132522443E+004  5.6480071196E+004
  5.7160380420E+004  5.6469942727E+004
  5.7188252172E+004  5.6459985671E+004
  5.7223111399E+004  5.6447781147E+004
  5.7251014544E+004  5.6438211472E+004
  5.7278931822E+004  5.6428814562E+004
  5.7313848464E+004  5.6417311786E+004
  5.7341797952E+004  5.6408304511E+004
  5.7369761941E+004  5.6399470688E+004
  5.7397740548E+004  5.6390810423E+004
  5.7432734541E+004  5.6380229243E+004
  5.7460746467E+004  5.6371959633E+004
  5.7488773394E+004  5.6363863618E+004
  5.7523828332E+004  5.6353987599E+004
  5.7551889454E+004  5.6346281842E+004
  5.7579965972E+004  5.6338749299E+004
  5.7608058010E+004  5.6331389780E+004
  5.7643195072E+004  5.6322433345E+004
  5.7671322487E+004  5.6315462246E+004
  5.7699465830E+004  5.6308663311E+004
  5.7727625228E+004  5.6302036207E+004
  5.7762847251E+004  5.6293993411E+004
  5.7791043246E+004  5.6287751555E+004
  5.7819255718E+004  5.6281680234E+004
  5.7847484798E+004  5.6275778978E+004
  5.7882794704E+004  5.6268640805E+004
  5.7911061636E+004  5.6263120342E+004
  5.7939345609E+004  5.6257768236E+004
  5.7967646758E+004  5.6252583904E+004
  5.8003047554E+004  5.6246338491E+004
  5.8031387846E+004  5.6241529387E+004
  5.8059745757E+004  5.6236885982E+004
  5.8088121425E+004  5.6232407573E+004
  5.8123616194E+004  5.6226298419E+004
  5.8152032327E+004  5.6221200437E+004
  5.8180466644E+004  5.6216259777E+004
  5.8208919165E+004  5.6211475618E+004
  5.8237390018E+004  5.6206847106E+004
  5.8273004581E+004  5.6201279015E+004
  5.8301517199E+004  5.6196997494E+004
  5.8330048611E+004  5.6192868720E+004
  5.8358598958E+004  5.6188891757E+004
  5.8387168385E+004  5.6185065651E+004
  5.8422907219E+004  5.6180493675E+004
  5.8451520103E+004  5.6177003404E+004
  5.8480152538E+004  5.6173660750E+004
  5.8508804670E+004  5.6170464674E+004
  5.8537476647E+004  5.6167414117E+004
  5.8573344748E+004  5.6163803913E+004
  5.8602061914E+004  5.6161076801E+004
  5.8630799407E+004  5.6158491632E+004
  5.8659557375E+004  5.6156047262E+004
  5.8688335968E+004  5.6153742502E+004
  5.8724338444E+004  5.6151055610E+004
  5.8753163997E+004  5.6149059885E+004
  5.8782010667E+004  5.6147199609E+004
  5.8810878606E+004  5.6145473585E+004
  5.8839767969E+004  5.6143880586E+004
  5.8868678907E+004  5.6142419362E+004
  5.8897611575E+004  5.6141088638E+004
  5.8933808203E+004  5.6139606730E+004
  5.8962790329E+004  5.6138564765E+004
  5.8991794690E+004  5.6137648962E+004
  5.9020821440E+004  5.6136857971E+004
  5.9049870737E+004  5.6136190430E+004
  5.9078942740E+004  5.6135644960E+004
  5.9108037604E+004  5.6135220165E+004
  5.9144438579E+004  5.6134856712E+004
  5.9173585467E+004  5.6134698232E+004
  5.9202755738E+004  5.6134655764E+004
  5.9231949553E+004  5.6134727838E+004
  5.9261167074E+004  5.6134912967E+004
  5.9290408464E+004  5.6135209654E+004
  5.9319673887E+004  5.6135616385E+004
  5.9348963509E+004  5.6136131640E+004
  5.9378277494E+004  5.6136753885E+004
  5.9407616008E+004  5.6137481574E+004
  5.9444323900E+004  5.6138537096E+004
  5.9473718217E+004  5.6139496331E+004
  5.9503137609E+004  5.6140555908E+004
  5.9532582245E+004  5.6141714232E+004
  5.9562052295E+004  5.6142969698E+004
  5.9591547929E+004  5.6144320695E+004
  5.9621069319E+004  5.6145765602E+004
  5.9650616636E+004  5.6147302788E+004
  5.9680190054E+004  5.6148930614E+004
  5.9709789744E+004  5.6150647432E+004
  5.9739415881E+004  5.6152451584E+004
  5.9769068640E+004  5.6154341401E+004
  5.9798748195E+004  5.6156315209E+004
  5.9828454722E+004  5.6158371322E+004
  5.9858188397E+004  5.6160508047E+004
  5.9887949397E+004  5.6162723682E+004
  5.9917737899E+004  5.6165016518E+004
  5.9947554081E+004  5.6167384837E+004
  5.9984863505E+004  5.6170448754E+004
  6.0014742621E+004  5.6172980578E+004
  6.0044649998E+004  5.6175582214E+004
  6.0074585816E+004  5.6178251945E+004
  6.0104550258E+004  5.6180988020E+004
  6.0134543503E+004  5.6183788682E+004
  6.0164565733E+004  5.6186652166E+004
  6.0194617131E+004  5.6189576698E+004
  6.0224697879E+004  5.6192560503E+004
  6.0254808160E+004  5.6195601797E+004
  6.0284948158E+004  5.6198698794E+004
  6.0307572769E+004  5.6201057021E+004
  6.0337765214E+004  5.6204247191E+004
  6.0367987883E+004  5.6207488135E+004
  6.0398240960E+004  5.6210778056E+004
  6.0428524633E+004  5.6214115155E+004
  6.0458839085E+004  5.6217497626E+004
  6.0489184505E+004  5.6220923662E+004
  6.0519561080E+004  5.6224391451E+004
  6.0549968995E+004  5.6227899179E+004
  6.0580408439E+004  5.6231445030E+004
  6.0610879601E+004  5.6235027187E+004
  6.0641382668E+004  5.6152843541E+004
  6.0671917829E+004  5.6178375566E+004
  6.0702485273E+004  5.6192982094E+004
  6.0733085191E+004  5.6203516617E+004
  6.0763717772E+004  5.6212080328E+004
  6.0794383206E+004  5.6219457338E+004
  6.0825081591E+004  5.6226038663E+004
  6.0848127046E+004  5.6230596852E+004
  6.0878883363E+004  5.6236299897E+004
  6.0909673044E+004  5.6241678548E+004
  6.0940496283E+004  5.6246814194E+004
  6.0971353269E+004  5.6251764913E+004
  6.1002244194E+004  5.6256572633E+004
  6.1033169251E+004  5.6261267893E+004
  6.1064128631E+004  5.6265873083E+004
  6.1095122527E+004  5.6270404701E+004
  6.1118390716E+004  5.6273762596E+004
  6.1149445478E+004  5.6278192864E+004
  6.1180535286E+004  5.6282575959E+004
  6.1211660334E+004  5.6286917172E+004
  6.1242820814E+004  5.6291220362E+004
  6.1274016922E+004  5.6295488293E+004
  6.1305248850E+004  5.6299722896E+004
  6.1328696421E+004  5.6302877769E+004
  6.1359991504E+004  5.6307056832E+004
  6.1391322942E+004  5.6311204958E+004
  6.1422690931E+004  5.6315322292E+004
  6.1454095665E+004  5.6319408718E+004
  6.1485537341E+004  5.6323463906E+004
  6.1509142957E+004  5.6326484501E+004
  6.1540649750E+004  5.6330483727E+004
  6.1572194021E+004  5.6334450007E+004
  6.1603775967E+004  5.6338382506E+004
  6.1635395784E+004  5.6342280303E+004
  6.1659135618E+004  5.6345180283E+004
  6.1690822181E+004  5.6349014925E+004
  6.1722547156E+004  5.6352811994E+004
  6.1754310739E+004  5.6356570347E+004
  6.1778158880E+004  5.6359362997E+004
  6.1809990501E+004  5.6363050738E+004
  6.1841861270E+004  5.6366696436E+004
  6.1873771386E+004  5.6370298823E+004
  6.1905721047E+004  5.6373856605E+004
  6.1929709362E+004  5.6376494878E+004
  6.1961728699E+004  5.6379971424E+004
  6.1993788124E+004  5.6383399702E+004
  6.2025887834E+004  5.6386778355E+004
  6.2049989173E+004  5.6389278954E+004
  6.2082159857E+004  5.6392567459E+004
  6.2114371371E+004  5.6395802546E+004
  6.2138556920E+004  5.6398192969E+004
  6.2170840362E+004  5.6401331219E+004
  6.2203165177E+004  5.6404412207E+004
  6.2235531565E+004  5.6407434521E+004
  6.2259833757E+004  5.6409661905E+004
  6.2292273373E+004  5.6412578143E+004
  6.2324755107E+004  5.6415431820E+004
  6.2349144166E+004  5.6417530168E+004
  6.2381700082E+004  5.6420270948E+004
  6.2414298661E+004  5.6422945267E+004
  6.2438775713E+004  5.6424906539E+004
  6.2471449429E+004  5.6427461141E+004
  6.2504166355E+004  5.6429945389E+004
  6.2528732523E+004  5.6431761555E+004
  6.2561525541E+004  5.6434119286E+004
  6.2594362312E+004  5.6436402786E+004
  6.2619018724E+004  5.6438065855E+004
  6.2651932542E+004  5.6440216085E+004
  6.2684890659E+004  5.6442288244E+004
  6.2709638438E+004  5.6443790295E+004
  6.2742674556E+004  5.6445722496E+004
  6.2775755518E+004  5.6447572823E+004
  6.2800595788E+004  5.6448906008E+004
  6.2833755704E+004  5.6450609746E+004
  6.2858655416E+004  5.6451831422E+004
  6.2891894892E+004  5.6453384403E+004
  6.2925180102E+004  5.6454849379E+004
  6.2950174142E+004  5.6455889552E+004
  6.2983539863E+004  5.6457197297E+004
  6.3008594512E+004  5.6458118016E+004
  6.3042041348E+004  5.6459264460E+004
  6.3075534807E+004  5.6460316919E+004
  6.3100685616E+004  5.6461043794E+004
  6.3134261139E+004  5.6461928616E+004
  6.3159473721E+004  5.6462528261E+004
  6.3193131909E+004  5.6463241447E+004
  6.3226837606E+004  5.6463854779E+004
  6.3252148173E+004  5.6464248483E+004
  6.3285937479E+004  5.6464684014E+004
  6.3311310979E+004  5.6464942922E+004
  6.3345184496E+004  5.6465196819E+004
  6.3370621282E+004  5.6465318082E+004
  6.3404579224E+004  5.6465386575E+004
  6.3430079456E+004  5.6465367391E+004
  6.3464122289E+004  5.6465246780E+004
  6.3489686410E+004  5.6465084397E+004
  6.3523814720E+004  5.6464771037E+004
  6.3549443169E+004  5.6464462720E+004
  6.3583657545E+004  5.6463952929E+004
  6.3609350763E+004  5.6463495903E+004
  6.3643651791E+004  5.6462786011E+004
  6.3669410220E+004  5.6462177566E+004
  6.3703798490E+004  5.6461264030E+004
  6.3729622571E+004  5.6460501557E+004
  6.3764098672E+004  5.6459380946E+004
  6.3789988848E+004  5.6458461906E+004
  6.3824553372E+004  5.6457130876E+004
  6.3850510087E+004  5.6456052787E+004
  6.3885163625E+004  5.6454508067E+004
  6.3911187323E+004  5.6453268505E+004
  6.3945930469E+004  5.6451506902E+004
  6.3972021596E+004  5.6450103501E+004
  6.4006854944E+004  5.6448121892E+004
  6.4033013945E+004  5.6446552333E+004
  6.4059202173E+004  5.6444910863E+004
  6.4094165416E+004  5.6442609654E+004
  6.4120422158E+004  5.6440798772E+004
  6.4155477051E+004  5.6438270182E+004
  6.4181802756E+004  5.6436287650E+004
  6.4216949899E+004  5.6433528728E+004
  6.4243345016E+004  5.6431372364E+004
  6.4269770019E+004  5.6429140846E+004
  6.4305049989E+004  5.6426047919E+004
  6.4331545048E+004  5.6423639554E+004
  6.4366918727E+004  5.6420309463E+004
  6.4393484294E+004  5.6417722212E+004
  6.4420080217E+004  5.6415057685E+004
  6.4455588812E+004  5.6411384152E+004
  6.4482255891E+004  5.6408537920E+004
  6.4508953603E+004  5.6405613224E+004
  6.4544598351E+004  5.6401590967E+004
  6.4571367867E+004  5.6398481831E+004
  6.4607108658E+004  5.6394212414E+004
  6.4633950435E+004  5.6390916993E+004
  6.4660823320E+004  5.6387541187E+004
  6.4696702370E+004  5.6382914512E+004
  6.4723648169E+004  5.6379349897E+004
  6.4750625356E+004  5.6375703845E+004
  6.4786643912E+004  5.6370715237E+004
  6.4813694668E+004  5.6366877989E+004
  6.4840777093E+004  5.6362958307E+004
  6.4876936405E+004  5.6357603326E+004
  6.4904093056E+004  5.6353490160E+004
  6.4931281659E+004  5.6349293591E+004
  6.4967582980E+004  5.6343567932E+004
  6.4994846468E+004  5.6339175648E+004
  6.5022142192E+004  5.6334699025E+004
  6.5049470236E+004  5.6330137794E+004
  6.5085958051E+004  5.6323924084E+004
  6.5113361841E+004  5.6319164419E+004
  6.5140798236E+004  5.6314319293E+004
  6.5177430963E+004  5.6307725763E+004
  6.5204943768E+004  5.6302680287E+004
  6.5232489465E+004  5.6297548557E+004
  6.5260068137E+004  5.6292330346E+004
  6.5296891145E+004  5.6285237662E+004
  6.5324547097E+004  5.6279816176E+004
  6.5352236311E+004  5.6274307078E+004
  6.5379958875E+004  5.6268710201E+004
  6.5416974320E+004  5.6261110823E+004
  6.5444775035E+004  5.6255308348E+004
  6.5472609387E+004  5.6249417394E+004
  6.5500477464E+004  5.6243437756E+004
  6.5537687510E+004  5.6235326622E+004
  6.5565634588E+004  5.6229139319E+004
  6.5593615511E+004  5.6222862740E+004
  6.5621630349E+004  5.6216496699E+004
  6.5649679190E+004  5.6210041015E+004
  6.5687130685E+004  5.6201293684E+004
  6.5715259200E+004  5.6194628150E+004
  6.5743422007E+004  5.6114811716E+004
  6.5771619192E+004  5.6125706214E+004
  6.5799850842E+004  5.6127299953E+004
  6.5837546808E+004  5.6124809634E+004
  6.5865859218E+004  5.6121222467E+004
  6.5894206385E+004  5.6116740847E+004
  6.5922588398E+004  5.6111615296E+004
  6.5951005342E+004  5.6105993928E+004
  6.5988949094E+004  5.6097889979E+004
  6.6017447890E+004  5.6091438772E+004
  6.6045981911E+004  5.6084718966E+004
  6.6074551247E+004  5.6077764788E+004
  6.6103155986E+004  5.6070602743E+004
  6.6131796215E+004  5.6063253596E+004
  6.6160472023E+004  5.6055733764E+004
  6.6198761934E+004  5.6045464005E+004
  6.6227521106E+004  5.6037592291E+004
  6.6256316154E+004  5.6029385508E+004
  6.6285147166E+004  5.6020731041E+004
  6.6314014231E+004  5.6011950814E+004
  6.6342917440E+004  5.6003049054E+004
  6.6371856880E+004  5.5994029240E+004
  6.6400832642E+004  5.5984894254E+004
  6.6429844816E+004  5.5975646494E+004
  6.6468584508E+004  5.5963144145E+004
  6.6497681991E+004  5.5953640511E+004
  6.6526816183E+004  5.5944029654E+004
  6.6555987177E+004  5.5934312734E+004
  6.6585195062E+004  5.5924490754E+004
  6.6614439928E+004  5.5914564584E+004
  6.6643721866E+004  5.5904534988E+004
  6.6673040966E+004  5.5894402637E+004
  6.6702397319E+004  5.5884168131E+004
  6.6731791016E+004  5.5873832005E+004
  6.6761222148E+004  5.5863394733E+004
  6.6790690806E+004  5.5852856710E+004
  6.6820197080E+004  5.5842218265E+004
  6.6859597453E+004  5.5827877998E+004
  6.6889191856E+004  5.5817006433E+004
  6.6918824180E+004  5.5806035448E+004
  6.6948494518E+004  5.5794965317E+004
  6.6978202961E+004  5.5783796303E+004
  6.7007949602E+004  5.5772528659E+004
  6.7037734531E+004  5.5761162627E+004
  6.7067557843E+004  5.5749698442E+004
  6.7097419627E+004  5.5738136328E+004
  6.7127319978E+004  5.5726476505E+004
  6.7157258988E+004  5.5714719184E+004
  6.7187236750E+004  5.5702864572E+004
  6.7217253355E+004  5.5690912870E+004
  6.7247308898E+004  5.5678864267E+004
  6.7277403471E+004  5.5666718942E+004
  6.7307537168E+004  5.5654477065E+004
  6.7337710081E+004  5.5642138801E+004
  6.7367922305E+004  5.5629704310E+004
  6.7398173933E+004  5.5617173751E+004
  6.7428465059E+004  5.5604547283E+004
  6.7458795776E+004  5.5591825066E+004
  6.7489166179E+004  5.5579007259E+004
  6.7519576361E+004  5.5566094021E+004
  6.7550026417E+004  5.5553085513E+004
  6.7570348654E+004  5.5544360326E+004
  6.7600865377E+004  5.5531193393E+004
  6.7631422226E+004  5.5517931624E+004
  6.7662019295E+004  5.5504575185E+004
  6.7692656681E+004  5.5491124244E+004
  6.7723334477E+004  5.5477578970E+004
  6.7754052779E+004  5.5463939532E+004
  6.7784811682E+004  5.5450206096E+004
  6.7815611283E+004  5.5436378823E+004
  6.7846451677E+004  5.5422457866E+004
  6.7877332960E+004  5.5408443345E+004
  6.7908255229E+004  5.5394335335E+004
  6.7939218581E+004  5.5380133918E+004
  6.7970223113E+004  5.5365839200E+004
  6.7990915670E+004  5.5356257638E+004
  6.8021988809E+004  5.5341807763E+004
  6.8053103199E+004  5.5327264909E+004
  6.8084258940E+004  5.5312629194E+004
  6.8115456129E+004  5.5297900767E+004
  6.8146694866E+004  5.5283079791E+004
  6.8177975250E+004  5.5268166434E+004
  6.8209297379E+004  5.5253160867E+004
  6.8240661355E+004  5.5238063262E+004
  6.8261593968E+004  5.5227947143E+004
  6.8293027909E+004  5.5212696513E+004
  6.8324503963E+004  5.5197353714E+004
  6.8356022231E+004  5.5181918250E+004
  6.8387582814E+004  5.5166390469E+004
  6.8419185813E+004  5.5150770638E+004
  6.8450831331E+004  5.5135058985E+004
  6.8471952014E+004  5.5124533643E+004
  6.8503668622E+004  5.5108669415E+004
  6.8535428021E+004  5.5092713901E+004
  6.8567230313E+004  5.5076667282E+004
  6.8599075602E+004  5.5060529728E+004
  6.8630963990E+004  5.5044301403E+004
  6.8652246911E+004  5.5033432171E+004
  6.8684207363E+004  5.5017052922E+004
  6.8716211192E+004  5.5000583332E+004
  6.8748258502E+004  5.4984023556E+004
  6.8780349397E+004  5.4967373751E+004
  6.8801767594E+004  5.4956223926E+004
  6.8833931366E+004  5.4939424309E+004
  6.8866139004E+004  5.4922534902E+004
  6.8898390615E+004  5.4905555815E+004
  6.8930686303E+004  5.4888487185E+004
  6.8952241302E+004  5.4877058429E+004
  6.8984610689E+004  5.4859840915E+004
  6.9017024439E+004  5.4842534299E+004
  6.9049482657E+004  5.4825138762E+004
  6.9071146227E+004  5.4813492427E+004
  6.9103678799E+004  5.4795949092E+004
  6.9136256126E+004  5.4778317313E+004
  6.9168878317E+004  5.4760597251E+004
  6.9201545479E+004  5.4742789058E+004
  6.9223348625E+004  5.4730868046E+004
  6.9256090982E+004  5.4712913321E+004
  6.9288878601E+004  5.4694870897E+004
  6.9321711590E+004  5.4676740948E+004
  6.9343625510E+004  5.4664605779E+004
  6.9376534362E+004  5.4646330343E+004
  6.9409488877E+004  5.4627967765E+004
  6.9431483977E+004  5.4615677689E+004
  6.9464514844E+004  5.4597170153E+004
  6.9497591668E+004  5.4578575865E+004
  6.9530714562E+004  5.4559894997E+004
  6.9552822140E+004  5.4547393072E+004
  6.9586022063E+004  5.4528568296E+004
  6.9619268352E+004  5.4509657401E+004
  6.9641458359E+004  5.4497002352E+004
  6.9674782174E+004  5.4477948151E+004
  6.9708152653E+004  5.4458808071E+004
  6.9741569910E+004  5.4439582221E+004
  6.9763874125E+004  5.4426717403E+004
  6.9797369595E+004  5.4407348914E+004
  6.9830912144E+004  5.4387895059E+004
  6.9853300054E+004  5.4374878481E+004
  6.9886921319E+004  5.4355282735E+004
  6.9920589966E+004  5.4335602093E+004
  6.9943062110E+004  5.4322434589E+004
  6.9976809980E+004  5.4302612856E+004
  7.0010605536E+004  5.4282706717E+004
  7.0033162456E+004  5.4269389133E+004
  7.0067037744E+004  5.4249342696E+004
  7.0100961024E+004  5.4229212376E+004
  7.0123603264E+004  5.4215745668E+004
  7.0157606787E+004  5.4195476020E+004
  7.0191658611E+004  5.4175123055E+004
  7.0214386718E+004  5.4161508224E+004
  7.0248519300E+004  5.4141016834E+004
  7.0282700491E+004  5.4120442613E+004
  7.0305515015E+004  5.4106680491E+004
  7.0339777481E+004  5.4085968477E+004
  7.0362646296E+004  5.4072114667E+004
  7.0396990361E+004  5.4051265355E+004
  7.0431383541E+004  5.4030333818E+004
  7.0454339672E+004  5.4016333841E+004
  7.0488814972E+004  5.3995265575E+004
  7.0511825958E+004  5.3981174612E+004
  7.0546383704E+004  5.3959970087E+004
  7.0580991074E+004  5.3938683963E+004
  7.0604090282E+004  5.3924447969E+004
  7.0638780623E+004  5.3903026267E+004
  7.0661935254E+004  5.3888700088E+004
  7.0696708894E+004  5.3867143421E+004
  7.0731532672E+004  5.3845506072E+004
  7.0754776436E+004  5.3831036462E+004
  7.0789684040E+004  5.3809265153E+004
  7.0812983800E+004  5.3794706457E+004
  7.0847975561E+004  5.3772801868E+004
  7.0883017976E+004  5.3750817532E+004
  7.0906407786E+004  5.3736116755E+004
  7.0941534888E+004  5.3713998818E+004
  7.0964981267E+004  5.3699209102E+004
  7.1000193390E+004  5.3676958041E+004
  7.1023696561E+004  5.3662079766E+004
  7.1058994037E+004  5.3639696156E+004
  7.1082554221E+004  5.3624729683E+004
  7.1117937384E+004  5.3602213961E+004
  7.1153372093E+004  5.3579619168E+004
  7.1177023854E+004  5.3564512180E+004
  7.1212544501E+004  5.3541786175E+004
  7.1236253653E+004  5.3526591923E+004
  7.1271860554E+004  5.3503735354E+004
  7.1295627320E+004  5.3488454293E+004
  7.1331320807E+004  5.3465467880E+004
  7.1355145408E+004  5.3450100513E+004
  7.1390925814E+004  5.3426985043E+004
  7.1414808473E+004  5.3411531915E+004
  7.1450676131E+004  5.3388288234E+004
  7.1474617069E+004  5.3372749927E+004
  7.1510572312E+004  5.3349378932E+004
  7.1534571752E+004  5.3333756042E+004
  7.1570614914E+004  5.3310258512E+004
  7.1594673077E+004  5.3294551458E+004
  7.1630804492E+004  5.3270928025E+004
  7.1654921601E+004  5.3255137294E+004
  7.1691141602E+004  5.3231388757E+004
  7.1715317880E+004  5.3215514888E+004
  7.1751626800E+004  5.3191641970E+004
  7.1775862468E+004  5.3175685374E+004
  7.1812260641E+004  5.3151688701E+004
  7.1836555922E+004  5.3135649856E+004
  7.1873043681E+004  5.3111530230E+004
  7.1897398797E+004  5.3095409724E+004
  7.1933976474E+004  5.3071168102E+004
  7.1958391647E+004  5.3054966607E+004
  7.1982830904E+004  5.3038732910E+004
  7.2019535028E+004  5.3014322231E+004
  7.2044034653E+004  5.2998008517E+004
  7.2080829495E+004  5.2973478330E+004
  7.2105389710E+004  5.2957085295E+004
  7.2142275604E+004  5.2932436663E+004
  7.2166896633E+004  5.2915965028E+004
  7.2203873914E+004  5.2891199047E+004
  7.2228555980E+004  5.2874649549E+004
  7.2253262523E+004  5.2858069115E+004
  7.2290368311E+004  5.2833140722E+004
  7.2315136205E+004  5.2816483459E+004
  7.2352334188E+004  5.2791440285E+004
  7.2377163658E+004  5.2774706775E+004
  7.2414454173E+004  5.2749549665E+004
  7.2439345444E+004  5.2732740506E+004
  7.2464261498E+004  5.2715901225E+004
  7.2501682128E+004  5.2690585977E+004
  7.2526660300E+004  5.2673671733E+004
  7.2564174276E+004  5.2648244525E+004
  7.2589214792E+004  5.2631255995E+004
  7.2614280310E+004  5.2614237964E+004
  7.2651925543E+004  5.2588655879E+004
  7.2677053723E+004  5.2571564654E+004
  7.2714793121E+004  5.2545873395E+004
  7.2739984191E+004  5.2528709805E+004
  7.2765200482E+004  5.2511517505E+004
  7.2803072286E+004  5.2485675515E+004
  7.2828351787E+004  5.2468412021E+004
  7.2853656636E+004  5.2451120276E+004
  7.2891661518E+004  5.2425129934E+004
  7.2917029898E+004  5.2407768026E+004
  7.2955130250E+004  5.2381672871E+004
  7.2980562391E+004  5.2364241392E+004
  7.3006020102E+004  5.2346782280E+004
  7.3044254690E+004  5.2320542072E+004
  7.3069776484E+004  5.2303014427E+004
  7.3095323976E+004  5.2285459597E+004
  7.3133693478E+004  5.2259076678E+004
  7.3159305377E+004  5.2241454494E+004
  7.3184943104E+004  5.2223805633E+004
  7.3223448202E+004  5.2197282634E+004
  7.3249150659E+004  5.2179567700E+004
  7.3274879075E+004  5.2161826572E+004
  7.3313520449E+004  5.2135165966E+004
  7.3339313920E+004  5.2117359759E+004
  7.3365133479E+004  5.2099315515E+004
  7.3403911814E+004  5.2072020645E+004
  7.3429796755E+004  5.2053791376E+004
  7.3455707914E+004  5.2035536074E+004
  7.3494623894E+004  5.2008104525E+004
  7.3520600762E+004  5.1989784589E+004
  7.3546603979E+004  5.1971439004E+004
  7.3585658291E+004  5.1943872811E+004
  7.3611727544E+004  5.1925463660E+004
  7.3637823278E+004  5.1907029310E+004
  7.3663945529E+004  5.1888569894E+004
  7.3703178708E+004  5.1860834068E+004
  7.3729367417E+004  5.1842312583E+004
  7.3755582775E+004  5.1823766515E+004
  7.3794955861E+004  5.1795901633E+004
  7.3821238006E+004  5.1777294736E+004
  7.3847546932E+004  5.1758663760E+004
  7.3873882677E+004  5.1740008853E+004
  7.3913436660E+004  5.1711981936E+004
  7.3939839615E+004  5.1693267815E+004
  7.3966269521E+004  5.1674530215E+004
  7.4005964994E+004  5.1646380002E+004
  7.4032462441E+004  5.1627584138E+004
  7.4058986970E+004  5.1608765146E+004
  7.4085538620E+004  5.1589923096E+004
  7.4125417028E+004  5.1561616980E+004
  7.4152036644E+004  5.1542717707E+004
  7.4178683513E+004  5.1523795757E+004
  7.4205357673E+004  5.1504851261E+004
  7.4245420165E+004  5.1476392547E+004
  7.4272162717E+004  5.1457392293E+004
  7.4298932693E+004  5.1438369979E+004
  7.4325730130E+004  5.1419325753E+004
  7.4365977858E+004  5.1390718685E+004
  7.4392844114E+004  5.1371620373E+004
  7.4419737964E+004  5.1352500679E+004
  7.4446659446E+004  5.1333359728E+004
  7.4473608598E+004  5.1314197627E+004
  7.4514084291E+004  5.1285415046E+004
  7.4541102784E+004  5.1266200539E+004
  7.4568149081E+004  5.1246965282E+004
  7.4595223218E+004  5.1227709407E+004
  7.4635886709E+004  5.1198787230E+004
  7.4663030567E+004  5.1179480436E+004
  7.4690202297E+004  5.1160153572E+004
  7.4717401936E+004  5.1140806776E+004
  7.4744629523E+004  5.1121440189E+004
  7.4785523387E+004  5.1092353445E+004
  7.4812821006E+004  5.1072937809E+004
  7.4840146704E+004  5.1053502766E+004
  7.4867500519E+004  5.1034048471E+004
  7.4894882487E+004  5.1014575084E+004
  7.4936008310E+004  5.0985329521E+004
  7.4963460827E+004  5.0965809005E+004
  7.4990941630E+004  5.0946269849E+004
  7.5018450756E+004  5.0926712178E+004
  7.5045988241E+004  5.0907136122E+004
  7.5087347728E+004  5.0877737870E+004
  7.5114956278E+004  5.0858116465E+004
  7.5142593320E+004  5.0838477174E+004
  7.5170258891E+004  5.0818820147E+004
  7.5197953028E+004  5.0799145535E+004
  7.5225675770E+004  5.0779453489E+004
  7.5267313595E+004  5.0749883068E+004
  7.5295108009E+004  5.0730148108E+004
  7.5322931158E+004  5.0710396248E+004
  7.5350783079E+004  5.0690627638E+004
  7.5378663809E+004  5.0670842418E+004
  7.5406573386E+004  5.0651040621E+004
  7.5434511847E+004  5.0631221682E+004
  7.5476473776E+004  5.0601461166E+004
  7.5504484609E+004  5.0581599547E+004
  7.5532524457E+004  5.0561721008E+004
  7.5560593355E+004  5.0541825658E+004
  7.5588691342E+004  5.0521913626E+004
  7.5616818455E+004  5.0501985048E+004
  7.5644974730E+004  5.0482040069E+004
  7.5687263904E+004  5.0452092174E+004
  7.5715493247E+004  5.0432106849E+004
  7.5743751883E+004  5.0412105659E+004
  7.5772039848E+004  5.0392088766E+004
  7.5800357179E+004  5.0372056332E+004
  7.5828703912E+004  5.0352008517E+004
  7.5857080085E+004  5.0331945459E+004
  7.5885485735E+004  5.0311867292E+004
  7.5928149558E+004  5.0281722003E+004
  7.5956629059E+004  5.0261606659E+004
  7.5985138165E+004  5.0241476699E+004
  7.6013676912E+004  5.0221332277E+004
  7.6042245338E+004  5.0201173550E+004
  7.6070843477E+004  5.0181000678E+004
  7.6099471368E+004  5.0160813826E+004
  7.6128129046E+004  5.0140613146E+004
  7.6156816548E+004  5.0120398755E+004
  7.6185533909E+004  5.0100170772E+004
  7.6228666018E+004  5.0069803611E+004
  7.6257458188E+004  5.0049542260E+004
  7.6286280345E+004  5.0029267805E+004
  7.6315132524E+004  5.0008980370E+004
  7.6344014762E+004  4.9988680075E+004
  7.6372927094E+004  4.9968366991E+004
  7.6401869556E+004  4.9948041276E+004
  7.6430842184E+004  4.9927703108E+004
  7.6459845014E+004  4.9907352654E+004
  7.6488878080E+004  4.9886990079E+004
  7.6517941418E+004  4.9866615548E+004
  7.6547035063E+004  4.9846229229E+004
  7.6576159050E+004  4.9825831287E+004
  7.6605313415E+004  4.9805421887E+004
  7.6649101994E+004  4.9774786661E+004
  7.6678332452E+004  4.9754349328E+004
  7.6707593409E+004  4.9733901091E+004
  7.6736884898E+004  4.9713442079E+004
  7.6766206954E+004  4.9692972397E+004
  7.6795559611E+004  4.9672492126E+004
  7.6824942902E+004  4.9652001361E+004
  7.6854356862E+004  4.9631500218E+004
  7.6883801524E+004  4.9610988828E+004
  7.6913276921E+004  4.9590467330E+004
  7.6942783089E+004  4.9569935867E+004
  7.6972320058E+004  4.9549394589E+004
  7.7001887864E+004  4.9528843648E+004
  7.7031486539E+004  4.9508283196E+004
  7.7061116115E+004  4.9487713389E+004
  7.7090776627E+004  4.9467134381E+004
  7.7120468105E+004  4.9446546315E+004
  7.7150190584E+004  4.9425949318E+004
  7.7179944096E+004  4.9405343514E+004
  7.7209728672E+004  4.9384729027E+004
  7.7239544346E+004  4.9364105988E+004
  7.7269391148E+004  4.9343474532E+004
  7.7299269113E+004  4.9322834806E+004
  7.7329178270E+004  4.9302186973E+004
  7.7359118652E+004  4.9281531184E+004
  7.7389090290E+004  4.9260867549E+004
  7.7419093217E+004  4.9240196175E+004
  7.7449127463E+004  4.9219517189E+004
  7.7479193060E+004  4.9198830725E+004
  7.7509290038E+004  4.9178136919E+004
  7.7539418429E+004  4.9157435896E+004
  7.7569578264E+004  4.9136727771E+004
  7.7599769574E+004  4.9116012662E+004
  7.7629992389E+004  4.9095290693E+004
  7.7660246739E+004  4.9074561995E+004
  7.7690532656E+004  4.9053826704E+004
  7.7720850169E+004  4.9033084963E+004
  7.7751199309E+004  4.9012336888E+004
  7.7781580106E+004  4.8991582472E+004
  7.7811992589E+004  4.8970821868E+004
  7.7842436761E+004  4.8950055268E+004
  7.7872912533E+004  4.8929282916E+004
  7.7903419925E+004  4.8908504977E+004
  7.7933958963E+004  4.8887721582E+004
  7.7964529677E+004  4.8866932819E+004
  7.7995132096E+004  4.8846138765E+004
  7.8025766248E+004  4.8825339517E+004
  7.8056432160E+004  4.8804535184E+004
  7.8087129861E+004  4.8783725888E+004
  7.8117859380E+004  4.8762911758E+004
  7.8148620743E+004  4.8742092929E+004
  7.8179413979E+004  4.8721269547E+004
  7.8210239116E+004  4.8700441773E+004
  7.8225663656E+004  4.8690026287E+004
  7.8256536695E+004  4.8669192209E+004
  7.8287441703E+004  4.8648354115E+004
  7.8318378708E+004  4.8627512140E+004
  7.8349347737E+004  4.8606666407E+004
  7.8380348817E+004  4.8585817033E+004
  7.8411381975E+004  4.8564964142E+004
  7.8442447238E+004  4.8544107859E+004
  7.8473544633E+004  4.8523248316E+004
  7.8504674186E+004  4.8502385630E+004
  7.8535835925E+004  4.8481519897E+004
  7.8567029876E+004  4.8460651218E+004
  7.8598256065E+004  4.8439779711E+004
  7.8629514519E+004  4.8418905502E+004
  7.8660805264E+004  4.8398028723E+004
  7.8676462753E+004  4.8387589409E+004
  7.8707801984E+004  4.8366709006E+004
  7.8739173571E+004  4.8345826332E+004
  7.8770577541E+004  4.8324941499E+004
  7.8802013919E+004  4.8304054627E+004
  7.8833482731E+004  4.8283165838E+004
  7.8864984003E+004  4.8262275261E+004
  7.8896517761E+004  4.8241383030E+004
  7.8928084029E+004  4.8220489280E+004
  7.8959682835E+004  4.8199594149E+004
  7.8991314203E+004  4.8178697779E+004
  7.9007142105E+004  4.8168249179E+004
  7.9038822363E+004  4.8147351128E+004
  7.9070535247E+004  4.8126451928E+004
  7.9102280781E+004  4.8105551687E+004
  7.9134058991E+004  4.8084650515E+004
  7.9165869901E+004  4.8063748526E+004
  7.9197713537E+004  4.8042845838E+004
  7.9229589923E+004  4.8021942575E+004
  7.9261499084E+004  4.8001038867E+004
  7.9277465964E+004  4.7990586886E+004
  7.9309424334E+004  4.7969682758E+004
  7.9341415542E+004  4.7948778521E+004
  7.9373439611E+004  4.7927874315E+004
  7.9405496566E+004  4.7906970279E+004
  7.9437586432E+004  4.7886066544E+004
  7.9469709233E+004  4.7865163232E+004
  7.9501864993E+004  4.7844260457E+004
  7.9517955240E+004  4.7833809307E+004
  7.9550160485E+004  4.7812806994E+004
  7.9582398749E+004  4.7791656653E+004
  7.9614670057E+004  4.7770506777E+004
  7.9646974434E+004  4.7749357460E+004
  7.9679311903E+004  4.7728208812E+004
  7.9711682488E+004  4.7707060949E+004
  7.9727880206E+004  4.7696487350E+004
  7.9760300511E+004  4.7675340899E+004
  7.9792753991E+004  4.7654195554E+004
  7.9825240671E+004  4.7633051443E+004
  7.9857760575E+004  4.7611908678E+004
  7.9890313727E+004  4.7590767372E+004
  7.9906602778E+004  4.7580197302E+004
  7.9939205845E+004  4.7559058401E+004
  7.9971842219E+004  4.7537921255E+004
  8.0004511924E+004  4.7516785988E+004
  8.0037214982E+004  4.7495652656E+004
  8.0069951418E+004  4.7474521444E+004
  8.0102721256E+004  4.7453392462E+004
  8.0119118707E+004  4.7442828836E+004
  8.0151938690E+004  4.7421703372E+004
  8.0184792133E+004  4.7400580368E+004
  8.0217679060E+004  4.7379459823E+004
  8.0250599494E+004  4.7358341746E+004
  8.0267072283E+004  4.7347783670E+004
  8.0300043021E+004  4.7326669521E+004
  8.0333047324E+004  4.7305558142E+004
  8.0366085216E+004  4.7284449659E+004
  8.0399156720E+004  4.7263344198E+004
  8.0432261860E+004  4.7242241888E+004
  8.0448827051E+004  4.7231691954E+004
  8.0481982688E+004  4.7210594612E+004
  8.0515172019E+004  4.7189500737E+004
  8.0548395068E+004  4.7168410452E+004
  8.0581651758E+004  4.7147323923E+004
  8.0598292695E+004  4.7136782110E+004
  8.0631599767E+004  4.7115701013E+004
  8.0664940458E+004  4.7094622966E+004
  8.0698314788E+004  4.7073549409E+004
  8.0731722782E+004  4.7052480657E+004
  8.0748439410E+004  4.7041948060E+004
  8.0781897942E+004  4.7020886375E+004
  8.0815390194E+004  4.6999829358E+004
  8.0848916189E+004  4.6978777044E+004
  8.0882475950E+004  4.6957731435E+004
  8.0899268499E+004  4.6947211515E+004
  8.0932878949E+004  4.6926176960E+004
  8.0966523220E+004  4.6905149164E+004
  8.1000201334E+004  4.6884127944E+004
  8.1017053089E+004  4.6873619765E+004
  8.1050782008E+004  4.6852608223E+004
  8.1084544824E+004  4.6831603048E+004
  8.1118341558E+004  4.6810604197E+004
  8.1152172232E+004  4.6789611653E+004
  8.1169100303E+004  4.6779117747E+004
  8.1202981926E+004  4.6758134673E+004
  8.1236897542E+004  4.6737157933E+004
  8.1270847171E+004  4.6716187562E+004
  8.1287834746E+004  4.6705704768E+004
  8.1321835434E+004  4.6684743914E+004
  8.1355870186E+004  4.6663789399E+004
  8.1389939024E+004  4.6642841284E+004
  8.1424041967E+004  4.6621899638E+004
  8.1441106234E+004  4.6611431264E+004
  8.1475260373E+004  4.6590499463E+004
  8.1509448667E+004  4.6569574318E+004
  8.1543671136E+004  4.6548655888E+004
  8.1560795192E+004  4.6538199203E+004
  8.1595068961E+004  4.6517290916E+004
  8.1629376954E+004  4.6496389444E+004
  8.1663719190E+004  4.6475494841E+004
  8.1680903156E+004  4.6465050135E+004
  8.1715296793E+004  4.6444165957E+004
  8.1749724722E+004  4.6423288820E+004
  8.1784186961E+004  4.6402418804E+004
  8.1801430953E+004  4.6391986492E+004
  8.1835944693E+004  4.6371127315E+004
  8.1870492789E+004  4.6350275469E+004
  8.1887779727E+004  4.6339852320E+004
  8.1922379394E+004  4.6319011622E+004
  8.1957013464E+004  4.6298178463E+004
  8.1991681955E+004  4.6277352922E+004
  8.2009029115E+004  4.6266943028E+004
  8.2043749272E+004  4.6246129027E+004
  8.2078503895E+004  4.6225322795E+004
  8.2113293003E+004  4.6204524405E+004
  8.2130700494E+004  4.6194128175E+004
  8.2165541361E+004  4.6173341699E+004
  8.2200416756E+004  4.6152563269E+004
  8.2217867407E+004  4.6142177098E+004
  8.2252794628E+004  4.6121410891E+004
  8.2287756420E+004  4.6100652931E+004
  8.2322752801E+004  4.6079903290E+004
  8.2340263968E+004  4.6069531596E+004
  8.2375312264E+004  4.6048794502E+004
  8.2410395192E+004  4.6028065874E+004
  8.2427949648E+004  4.6017704763E+004
  8.2463084555E+004  4.5996989074E+004
  8.2498254135E+004  4.5976283019E+004
  8.2533458405E+004  4.5955586313E+004
  8.2551073554E+004  4.5945241413E+004
  8.2586329890E+004  4.5924558498E+004
  8.2621620957E+004  4.5903884773E+004
  8.2639279520E+004  4.5893551367E+004
  8.2674622714E+004  4.5872891497E+004
  8.2710000679E+004  4.5852240930E+004
  8.2727702706E+004  4.5841919156E+004
  8.2763132859E+004  4.5821282672E+004
  8.2798597824E+004  4.5800655668E+004
  8.2834097616E+004  4.5780038224E+004
  8.2851860577E+004  4.5769733112E+004
  8.2887412640E+004  4.5749130151E+004
  8.2922999569E+004  4.5728536916E+004
  8.2940806113E+004  4.5718243961E+004
  8.2976445371E+004  4.5697665408E+004
  8.3012119534E+004  4.5677096717E+004
  8.3029969710E+004  4.5666816090E+004
  8.3065696260E+004  4.5646262320E+004
  8.3101457754E+004  4.5625718593E+004
  8.3119351609E+004  4.5615450522E+004
  8.3155165546E+004  4.5594922015E+004
  8.3191014464E+004  4.5574403759E+004
  8.3208952046E+004  4.5564148500E+004
  8.3244853464E+004  4.5543645774E+004
  8.3280789901E+004  4.5523153511E+004
  8.3298771256E+004  4.5512911332E+004
  8.3334760249E+004  4.5492434931E+004
  8.3370784297E+004  4.5471969192E+004
  8.3388809461E+004  4.5461740346E+004
  8.3424885945E+004  4.5441291288E+004
  8.3460997313E+004  4.5420853666E+004
  8.3479066083E+004  4.5410638921E+004
  8.3515229805E+004  4.5390217461E+004
  8.3551428446E+004  4.5369806746E+004
  8.3569540866E+004  4.5359605489E+004
  8.3605791912E+004  4.5339211293E+004
  8.3642077912E+004  4.5318828331E+004
  8.3660234024E+004  4.5308641106E+004
  8.3696572481E+004  4.5288275245E+004
  8.3732945927E+004  4.5267920923E+004
  8.3751145774E+004  4.5257748119E+004
  8.3787571727E+004  4.5237411275E+004
  8.3824032702E+004  4.5217086169E+004
  8.3842276327E+004  4.5206928037E+004
  8.3878789860E+004  4.5186620662E+004
  8.3915338450E+004  4.5166325199E+004
  8.3933625894E+004  4.5156181958E+004
  8.3970227093E+004  4.5135904933E+004
  8.3988540849E+004  4.5125771222E+004
  8.4025194686E+004  4.5105513357E+004
  8.4061883632E+004  4.5085268130E+004
  8.4080241275E+004  4.5075150260E+004
  8.4116982909E+004  4.5054924019E+004
  8.4153759686E+004  4.5034710486E+004
  8.4172161257E+004  4.5024608500E+004
  8.4208990771E+004  4.5004414113E+004
  8.4245855461E+004  4.4984232555E+004
  8.4264301000E+004  4.4974146616E+004
  8.4301218477E+004  4.4953984456E+004
  8.4319690418E+004  4.4943908306E+004
  8.4356660711E+004  4.4923765996E+004
  8.4393666232E+004  4.4903637055E+004
  8.4412182206E+004  4.4893577617E+004
  8.4449240593E+004  4.4873468846E+004
  8.4486334238E+004  4.4853373609E+004
  8.4504894288E+004  4.4843331089E+004
  8.4542040848E+004  4.4823256293E+004
  8.4560627362E+004  4.4813224034E+004
  8.4597826865E+004  4.4793169841E+004
  8.4635061680E+004  4.4773129461E+004
  8.4653692333E+004  4.4763114469E+004
  8.4690980139E+004  4.4743094911E+004
  8.4709637296E+004  4.4733090359E+004
  8.4746978123E+004  4.4713091747E+004
  8.4784354313E+004  4.4693107171E+004
  8.4803055673E+004  4.4683120164E+004
  8.4840484932E+004  4.4663156749E+004
  8.4859212834E+004  4.4653180356E+004
  8.4896695191E+004  4.4633238236E+004
  8.4934212963E+004  4.4613310391E+004
  8.4952985133E+004  4.4603351842E+004
  8.4990556051E+004  4.4583445532E+004
  8.5009354801E+004  4.4573497787E+004
  8.5046978894E+004  4.4553588143E+004
  8.5084638453E+004  4.4533442442E+004
  8.5103481537E+004  4.4523374730E+004
  8.5141194319E+004  4.4503249633E+004
  8.5160064021E+004  4.4493192273E+004
  8.5197830056E+004  4.4473087970E+004
  8.5235631608E+004  4.4452997595E+004
  8.5254545707E+004  4.4442957646E+004
  8.5292400560E+004  4.4422888259E+004
  8.5311341317E+004  4.4412858834E+004
  8.5349249500E+004  4.4392810892E+004
  8.5387193252E+004  4.4372777745E+004
  8.5406178470E+004  4.4362766673E+004
  8.5444175601E+004  4.4342755475E+004
  8.5463187516E+004  4.4332755343E+004
  8.5501238054E+004  4.4312766010E+004
  8.5520276680E+004  4.4302776805E+004
  8.5558380655E+004  4.4282809319E+004
  8.5596520270E+004  4.4262856413E+004
  8.5615603447E+004  4.4252885433E+004
  8.5653796549E+004  4.4232954443E+004
  8.5672906476E+004  4.4222994442E+004
  8.5711153093E+004  4.4203085451E+004
  8.5730289785E+004  4.4193136470E+004
  8.5768589947E+004  4.4173249560E+004
  8.5806925821E+004  4.4153377415E+004
  8.5826107155E+004  4.4143446891E+004
  8.5864496623E+004  4.4123596958E+004
  8.5883704761E+004  4.4113677554E+004
  8.5922147852E+004  4.4093849885E+004
  8.5941382809E+004  4.4083941626E+004
  8.5979879552E+004  4.4064136278E+004
  8.6018412079E+004  4.4044345876E+004
  8.6037691765E+004  4.4034456299E+004
  8.6076277991E+004  4.4014688414E+004
  8.6095584535E+004  4.4004810111E+004
  8.6134224488E+004  4.3985064804E+004
  8.6153557902E+004  4.3975197808E+004
  8.6192251610E+004  4.3955475147E+004
  8.6211611908E+004  4.3945619493E+004
  8.6250359399E+004  4.3925919561E+004
  8.6269746594E+004  4.3916075289E+004
  8.6308547894E+004  4.3896398146E+004
  8.6347385082E+004  4.3876736217E+004
  8.6366817137E+004  4.3866910963E+004
  8.6400000000E+004  4.3850145797E+004
  8.6425167167E+004  4.3837458076E+004
  9.5060974524E+004  4.0186080960E+004
  1.0370396625E+005  3.7611604018E+004
  1.1234706866E+005  3.5703468822E+004
  1.2098753455E+005  3.4193501745E+004
  1.2961773115E+005  3.2942593707E+004
  1.3826237637E+005  3.1843342245E+004
  1.4689198059E+005  3.0871853292E+004
  1.5553219326E+005  3.0000183180E+004
  1.6417120078E+005  2.9174111583E+004
  1.7280849370E+005  2.8389995026E+004
  1.8144536402E+005  2.7660384320E+004
  1.9008452686E+005  2.6945408470E+004
  1.9872270402E+005  2.6199166895E+004
  2.0736217018E+005  2.5454110056E+004
  2.1600141441E+005  2.4735977644E+004
  2.2464107268E+005  2.4059625789E+004
  2.3328135653E+005  2.3430242201E+004
  2.4192125514E+005  2.2842585467E+004
  2.5056195771E+005  2.2289136500E+004
  2.5920107316E+005  2.1763824843E+004
  2.6784142104E+005  2.1261241725E+004
  2.7648190749E+005  2.0777748906E+004
  2.8512220671E+005  2.0313152399E+004
  2.9376192141E+005  1.9866133785E+004
  3.0240231517E+005  1.9433776744E+004
  3.1104203588E+005  1.9017452480E+004
  3.1968260449E+005  1.8613294745E+004
  3.2832256572E+005  1.8224040506E+004
  3.3696252919E+005  1.7845168848E+004
  3.4560321063E+005  1.7478384991E+004
  3.5424308604E+005  1.7120359219E+004
  3.6288337920E+005  1.6769242967E+004
  3.7152431057E+005  1.6424447892E+004
  3.8016293592E+005  1.6085653272E+004
  3.8880251308E+005  1.5753839429E+004
  3.9744397436E+005  1.5429252269E+004
  4.0608311130E+005  1.5110553955E+004
  4.1472352593E+005  1.4795779755E+004
  4.2336547991E+005  1.4482262684E+004
  4.3200469735E+005  1.4173119692E+004
  4.4064532181E+005  1.3876378693E+004
  4.4928562926E+005  1.3597465365E+004
  4.5792471447E+005  1.3338046627E+004
  4.6656481915E+005  1.3097396308E+004
  4.7520565932E+005  1.2877245652E+004
  4.8384573369E+005  1.2675912360E+004
  4.9248567536E+005  1.2490896930E+004
  5.0112581984E+005  1.2317527948E+004
  5.0976452120E+005  1.2153287829E+004
  5.1840697754E+005  1.1997799485E+004
  5.2704552224E+005  1.1852214354E+004
  5.3568556932E+005  1.1714752978E+004
  5.4432778019E+005  1.1581377305E+004
  5.5296914247E+005  1.1446842554E+004
  5.6160568011E+005  1.1305382268E+004
  5.7024877851E+005  1.1158063842E+004
  5.7888633487E+005  1.1010860049E+004
  5.8752484489E+005  1.0960468027E+004
  5.9616514569E+005  1.0812798533E+004
  6.0480714953E+005  1.0603523289E+004
  6.1344908861E+005  1.0368069968E+004
  6.2208771496E+005  1.0103543007E+004
  6.3072846736E+005  9.8141541502E+003
  6.3937036911E+005  9.5221360378E+003
  6.4800696149E+005  9.2407703425E+003
  6.5664949071E+005  8.9660228062E+003
  6.6528642956E+005  8.6943234191E+003
  6.7392940297E+005  8.4214980598E+003
  6.8256942459E+005  8.1406804196E+003
  6.9120867778E+005  7.8806265683E+003
  6.9984607219E+005  7.7132958944E+003
  7.0849071085E+005  7.6367463993E+003
  7.1712618950E+005  7.6001643281E+003
  7.2576861234E+005  7.5767314468E+003
  7.3440875793E+005  7.5550419779E+003
  7.4305237518E+005  7.5285457162E+003
  7.5168760293E+005  7.4895261480E+003
  7.6032873260E+005  7.4332242855E+003
  7.6897315998E+005  7.3642623879E+003
  7.7761287815E+005  7.2898512566E+003
  7.8625133611E+005  7.2146611290E+003
  7.9489336502E+005  7.1418365066E+003
  8.0353332866E+005  7.0733234998E+003
  8.1217079864E+005  7.0113913577E+003
  8.2080903661E+005  6.9572489845E+003
  8.2945334844E+005  6.9109551697E+003
  8.3809123710E+005  6.8719026548E+003
  8.4673222829E+005  6.8391383514E+003
  8.5537052571E+005  6.8116771467E+003
  8.6401504267E+005  6.7884144022E+003
  8.7265046514E+005  6.7686307327E+003
  8.8129677813E+005  6.7518627993E+003
  8.8993664820E+005  6.7379748329E+003
  8.9857669761E+005  6.7267390506E+003
  9.0721236505E+005  6.7178431983E+003
  9.1585652179E+005  6.7111619003E+003
  9.2449012911E+005  6.7064310262E+003
  9.3312916222E+005  6.7033529661E+003
  9.4177064749E+005  6.7008627705E+003
  9.5041867957E+005  6.6985211936E+003
  9.5905101980E+005  6.6959410853E+003
  9.6769632821E+005  6.6933324350E+003
  9.7633629677E+005  6.6901847002E+003
  9.8497667937E+005  6.6866568187E+003
  9.9361490908E+005  6.6825200993E+003
  1.0022571355E+006  6.6770879927E+003
  1.0108950007E+006  6.6678377347E+003
  1.0195348362E+006  6.6568834144E+003
  1.0281807480E+006  6.6431268587E+003
  1.0368194022E+006  6.6270089930E+003
  1.0454546715E+006  6.6094645768E+003
  1.0540919885E+006  6.5902946806E+003
  1.0627371464E+006  6.5707251743E+003
  1.0713831844E+006  6.5503199671E+003
  1.0800201755E+006  6.5292151831E+003
  1.0886594878E+006  6.5089963389E+003
  1.0972950114E+006  6.4903593237E+003
  1.1059427492E+006  6.4731429836E+003
  1.1145745832E+006  6.4572910685E+003
  1.1232135467E+006  6.4437520271E+003
  1.1318584799E+006  6.4327996309E+003
  1.1404949811E+006  6.4239164485E+003
  1.1491337169E+006  6.4166393239E+003
  1.1577847136E+006  6.4109315315E+003
  1.1664138938E+006  6.4062441004E+003
  1.1750660153E+006  6.4036000280E+003
  1.1837010591E+006  6.4047199184E+003
  1.1923362805E+006  6.4079110953E+003
  1.2009761785E+006  6.4119761517E+003
  1.2096261869E+006  6.4167658033E+003
  1.2182630428E+006  6.4222487838E+003
  1.2269072659E+006  6.4283699058E+003
  1.2355501194E+006  6.4350452069E+003
  1.2441820042E+006  6.4421290782E+003
  1.2528233096E+006  6.4496538846E+003
  1.2614631803E+006  6.4576188812E+003
  1.2701081730E+006  6.4659682774E+003
  1.2787366115E+006  6.4747003488E+003
  1.2873781701E+006  6.4837538261E+003
  1.2960169965E+006  6.4931051997E+003
  1.3046704132E+006  6.5027105726E+003
  1.3133058149E+006  6.5125374331E+003
  1.3219408550E+006  6.5225914150E+003
  1.3305867757E+006  6.5328337709E+003
  1.3392322145E+006  6.5432159839E+003
  1.3478678738E+006  6.5537392050E+003
  1.3565098465E+006  6.5643723104E+003
  1.3651476261E+006  6.5750941913E+003
  1.3737857906E+006  6.5859356044E+003
  1.3824260317E+006  6.5968238771E+003