  1.4136160431E+005  2.7575838433E+003
  1.4142181345E+005  1.1090780418E+004
  1.4148102863E+005  3.4494183902E+004
  1.4154119010E+005  5.2582985546E+004
  1.4160135359E+005  7.2320253924E+004
  1.4166085264E+005  9.8357809871E+004
  1.4172091639E+005  1.2993804674E+005
  1.4178132839E+005  1.6099604529E+005
  1.4184116791E+005  1.7952716037E+005
  1.4190109227E+005  1.9388652825E+005
  1.4196097114E+005  1.9308688522E+005
  1.4202149535E+005  1.8838974802E+005
  1.4208169448E+005  1.8059887359E+005
  1.4214114746E+005  1.7535331381E+005
  1.4220097626E+005  1.6928438507E+005
  1.4226129852E+005  1.6071952660E+005
  1.4232208922E+005  1.5173617768E+005
  1.4238206977E+005  1.4374755908E+005
  1.4244201794E+005  1.3702347643E+005
  1.4250162762E+005  1.3154955500E+005
  1.4256188150E+005  1.2685619449E+005
  1.4262258320E+005  1.2264049083E+005
  1.4268201938E+005  1.1890241830E+005
  1.4274283600E+005  1.1539676637E+005
  1.4280171679E+005  1.1226286999E+005
  1.4286325101E+005  1.0928545141E+005
  1.4292224575E+005  1.0670666546E+005
  1.4298185179E+005  1.0434401338E+005
  1.4304195083E+005  1.0215991744E+005
  1.4310241649E+005  1.0013947428E+005
  1.4316311471E+005  9.8255247705E+004
  1.4322390300E+005  9.6517382875E+004
  1.4328242847E+005  9.4974413028E+004
  1.4334287281E+005  9.3474895775E+004
  1.4340294566E+005  9.2061147119E+004
  1.4346248424E+005  9.0730596887E+004
  1.4352381060E+005  8.9440150614E+004
  1.4358440809E+005  8.8252222902E+004
  1.4364410295E+005  8.7143737385E+004
  1.4370272029E+005  8.6103206492E+004
  1.4376285150E+005  8.5073823092E+004
  1.4382452414E+005  8.4057074519E+004
  1.4388485461E+005  8.3100551981E+004
  1.4394365594E+005  8.2207267481E+004
  1.4400377613E+005  8.1329965504E+004
  1.4406519900E+005  8.0470959369E+004
  1.4412474752E+005  7.9671801483E+004
  1.4418547103E+005  7.8886969258E+004
  1.4424409418E+005  7.8157572154E+004
  1.4430379611E+005  7.7444094834E+004
  1.4436459020E+005  7.6745352037E+004
  1.4442649062E+005  7.6060220276E+004
  1.4448598121E+005  7.5422961557E+004
  1.4454648449E+005  7.4795259628E+004
  1.4460436564E+005  7.4215485505E+004
  1.4466687257E+005  7.3610723320E+004
  1.4472666357E+005  7.3051000863E+004
  1.4478739850E+005  7.2500093902E+004
  1.4484520545E+005  7.1991135892E+004
  1.4490780338E+005  7.1456808181E+004
  1.4496737869E+005  7.0964345137E+004
  1.4502782540E+005  7.0480051503E+004
  1.4508503823E+005  7.0035220208E+004
  1.4514720026E+005  6.9565680195E+004
  1.4520603314E+005  6.9133089040E+004
  1.4526566169E+005  6.8706124581E+004
  1.4532609566E+005  6.8284908232E+004
  1.4538734404E+005  6.7869340256E+004
  1.4544495516E+005  6.7488362124E+004
  1.4550780175E+005  6.7083402956E+004
  1.4556691351E+005  6.6712451804E+004
  1.4562676012E+005  6.6346162783E+004
  1.4568734988E+005  6.5984399075E+004
  1.4574869039E+005  6.5627090360E+004
  1.4580598628E+005  6.5301079224E+004
  1.4586879513E+005  6.4951724987E+004
  1.4592746067E+005  6.4632789223E+004
  1.4598679391E+005  6.4317276156E+004
  1.4604680215E+005  6.4005114882E+004
  1.4610749245E+005  6.3696178227E+004
  1.4616887128E+005  6.3390446251E+004
  1.4622574643E+005  6.3113029224E+004
  1.4628846593E+005  6.2813416271E+004
  1.4634658275E+005  6.2541228524E+004
  1.4641066982E+005  6.2247012182E+004
  1.4647005238E+005  6.1979860465E+004
  1.4653004971E+005  6.1715070742E+004
  1.4659066799E+005  6.1452625301E+004
  1.4664631911E+005  6.1216067365E+004
  1.4670813859E+005  6.0958068545E+004
  1.4677059623E+005  6.0702371611E+004
  1.4682793511E+005  6.0471921741E+004
  1.4689162907E+005  6.0220636591E+004
  1.4695010232E+005  5.9994183407E+004
  1.4700912265E+005  5.9769583174E+004
  1.4706869509E+005  5.9546803448E+004
  1.4712882474E+005  5.9325795407E+004
  1.4718951674E+005  5.9106495344E+004
  1.4725077629E+005  5.8888854368E+004
  1.4730639891E+005  5.8694381462E+004
  1.4736874966E+005  5.8479852807E+004
  1.4743168223E+005  5.8266956022E+004
  1.4748882346E+005  5.8076737763E+004
  1.4754644433E+005  5.7887824598E+004
  1.4761103499E+005  5.7679433047E+004
  1.4766968146E+005  5.7493223748E+004
  1.4772881935E+005  5.7308275808E+004
  1.4778845280E+005  5.7124547339E+004
  1.4784858603E+005  5.6941937232E+004
  1.4790922329E+005  5.6760368241E+004
  1.4797036887E+005  5.6579752452E+004
  1.4803202714E+005  5.6400146706E+004
  1.4808726794E+005  5.6241367464E+004
  1.4814990510E+005  5.6063723958E+004
  1.4821306672E+005  5.5887116945E+004
  1.4826965431E+005  5.5731002956E+004
  1.4833381891E+005  5.5556359021E+004
  1.4839130531E+005  5.5402008997E+004
  1.4844921976E+005  5.5248463433E+004
  1.4850756522E+005  5.5095704727E+004
  1.4857372257E+005  5.4924778903E+004
  1.4863299386E+005  5.4773664373E+004
  1.4869270608E+005  5.4623319143E+004
  1.4875286263E+005  5.4473738384E+004
  1.4881346693E+005  5.4324913746E+004
  1.4887452246E+005  5.4176837611E+004
  1.4892831893E+005  5.4047881976E+004
  1.4899022940E+005  5.3901192722E+004
  1.4905260029E+005  5.3755219121E+004
  1.4911543517E+005  5.3609945310E+004
  1.4917079913E+005  5.3483397118E+004
  1.4923451368E+005  5.3339384742E+004
  1.4929065294E+005  5.3213896826E+004
  1.4935525999E+005  5.3071085214E+004
  1.4941218585E+005  5.2946656002E+004
  1.4946948254E+005  5.2822724733E+004
  1.4953542114E+005  5.2681702643E+004
  1.4959351980E+005  5.2558841274E+004
  1.4965199668E+005  5.2436468516E+004
  1.4971085435E+005  5.2314577618E+004
  1.4977009539E+005  5.2193164864E+004
  1.4982972238E+005  5.2072228700E+004
  1.4988973794E+005  5.1951767763E+004
  1.4995014470E+005  5.1831778815E+004
  1.5001094523E+005  5.1712258414E+004
  1.5007214165E+005  5.1593182552E+004
  1.5013373651E+005  5.1474535999E+004
  1.5019573251E+005  5.1356323710E+004
  1.5024919328E+005  5.1255341032E+004
  1.5031194154E+005  5.1137923844E+004
  1.5037509884E+005  5.1020931481E+004
  1.5042956139E+005  5.0920989786E+004
  1.5049348589E+005  5.0804781134E+004
  1.5055782763E+005  5.0688975276E+004
  1.5061331159E+005  5.0590029565E+004
  1.5067843468E+005  5.0474963716E+004
  1.5073459245E+005  5.0376650772E+004
  1.5079106419E+005  5.0278628782E+004
  1.5085734728E+005  5.0164635353E+004
  1.5091450589E+005  5.0067238919E+004
  1.5097198458E+005  4.9970130659E+004
  1.5102978534E+005  4.9873310987E+004
  1.5109762924E+005  4.9760719904E+004
  1.5115613411E+005  4.9664527228E+004
  1.5121496665E+005  4.9568625003E+004
  1.5127412886E+005  4.9473013065E+004
  1.5133362280E+005  4.9377689329E+004
  1.5139345052E+005  4.9282650491E+004
  1.5145361410E+005  4.9187893851E+004
  1.5151411564E+005  4.9093417676E+004
  1.5157495725E+005  4.8999220734E+004
  1.5163614103E+005  4.8905301403E+004
  1.5169766857E+005  4.8811658778E+004
  1.5175954179E+005  4.8718288663E+004
  1.5181136845E+005  4.8640683100E+004
  1.5187388107E+005  4.8547797081E+004
  1.5193674555E+005  4.8455171317E+004
  1.5199996410E+005  4.8362794515E+004
  1.5205291828E+005  4.8285995293E+004
  1.5211679172E+005  4.8194054484E+004
  1.5218102552E+005  4.8102353845E+004
  1.5223483017E+005  4.8026122063E+004
  1.5229972927E+005  4.7934868070E+004
  1.5235409133E+005  4.7859010727E+004
  1.5241966316E+005  4.7768206961E+004
  1.5247458904E+005  4.7692723249E+004
  1.5254084133E+005  4.7602364229E+004
  1.5259633751E+005  4.7527248638E+004
  1.5265209507E+005  4.7452299516E+004
  1.5271935107E+005  4.7362580052E+004
  1.5277568824E+005  4.7287996854E+004
  1.5283229058E+005  4.7213580470E+004
  1.5290056533E+005  4.7124500872E+004
  1.5295775585E+005  4.7050448706E+004
  1.5301521592E+005  4.6976556808E+004
  1.5307294693E+005  4.6902822957E+004
  1.5314258373E+005  4.6814550218E+004
  1.5320091568E+005  4.6741161836E+004
  1.5325952300E+005  4.6667942139E+004
  1.5331840709E+005  4.6594894985E+004
  1.5337756924E+005  4.6522013175E+004
  1.5343701044E+005  4.6449293746E+004
  1.5349673209E+005  4.6376734198E+004
  1.5355673559E+005  4.6304332160E+004
  1.5361702233E+005  4.6232085598E+004
  1.5367759374E+005  4.6159992923E+004
  1.5373845120E+005  4.6088050459E+004
  1.5379959614E+005  4.6016251802E+004
  1.5386102996E+005  4.5944595001E+004
  1.5392275409E+005  4.5873079892E+004
  1.5398476994E+005  4.5801706382E+004
  1.5403459363E+005  4.5744702042E+004
  1.5409713788E+005  4.5673553433E+004
  1.5415997739E+005  4.5602529653E+004
  1.5422311360E+005  4.5531632292E+004
  1.5427383716E+005  4.5475006116E+004
  1.5433751107E+005  4.5404338865E+004
  1.5440148574E+005  4.5333800815E+004
  1.5445288300E+005  4.5277464008E+004
  1.5451740272E+005  4.5207160504E+004
  1.5458222732E+005  4.5136987622E+004
  1.5463430749E+005  4.5080943262E+004
  1.5469968457E+005  4.5011005076E+004
  1.5476537068E+005  4.4941196941E+004
  1.5481814287E+005  4.4885444133E+004
  1.5488438833E+005  4.4815870436E+004
  1.5493760979E+005  4.4760305401E+004
  1.5500441926E+005  4.4690966539E+004
  1.5505809390E+005  4.4635589230E+004
  1.5512547229E+005  4.4566484430E+004
  1.5517960404E+005  4.4511293385E+004
  1.5523394021E+005  4.4456183604E+004
  1.5530214912E+005  4.4387409301E+004
  1.5535694814E+005  4.4332479040E+004
  1.5542573811E+005  4.4263924200E+004
  1.5548100399E+005  4.4209165216E+004
  1.5553647862E+005  4.4154481251E+004
  1.5560611632E+005  4.4086231832E+004
  1.5566206298E+005  4.4031716904E+004
  1.5571822073E+005  4.3977277394E+004
  1.5577459038E+005  4.3922913279E+004
  1.5584535166E+005  4.3855064173E+004
  1.5590220105E+005  4.3800869815E+004
  1.5595926498E+005  4.3746751045E+004
  1.5601654428E+005  4.3692707850E+004
  1.5608844751E+005  4.3625259953E+004
  1.5614621439E+005  4.3571386299E+004
  1.5620419932E+005  4.3517587606E+004
  1.5626240309E+005  4.3463863179E+004
  1.5632082632E+005  4.3410212278E+004
  1.5637946978E+005  4.3356634294E+004
  1.5643833433E+005  4.3303128886E+004
  1.5649742080E+005  4.3249695833E+004
  1.5655673005E+005  4.3196334945E+004
  1.5661626291E+005  4.3143046072E+004
  1.5667602024E+005  4.3089829121E+004
  1.5673600290E+005  4.3036684067E+004
  1.5679621174E+005  4.2983610943E+004
  1.5685664763E+005  4.2930609792E+004
  1.5691731143E+005  4.2877680036E+004
  1.5697820390E+005  4.2824820222E+004
  1.5703932569E+005  4.2772029471E+004
  1.5710067768E+005  4.2719308423E+004
  1.5716226075E+005  4.2666664157E+004
  1.5722407578E+005  4.2614097650E+004
  1.5728611856E+005  4.2561611370E+004
  1.5734838399E+005  4.2509209046E+004
  1.5741087289E+005  4.2456894852E+004
  1.5745788671E+005  4.2417715927E+004
  1.5752076865E+005  4.2365551207E+004
  1.5758387621E+005  4.2313469675E+004
  1.5764721004E+005  4.2261470459E+004
  1.5771077096E+005  4.2209552840E+004
  1.5775859117E+005  4.2170667866E+004
  1.5782255149E+005  4.2118891932E+004
  1.5788674116E+005  4.2067196555E+004
  1.5795116103E+005  4.2015581620E+004
  1.5799962750E+005  4.1976923061E+004
  1.5806445221E+005  4.1925448236E+004
  1.5812950940E+005  4.1874053034E+004
  1.5817845537E+005  4.1835558715E+004
  1.5824392143E+005  4.1784302039E+004
  1.5830962229E+005  4.1733123572E+004
  1.5835905252E+005  4.1694790402E+004
  1.5842516630E+005  4.1643745700E+004
  1.5849151721E+005  4.1592775223E+004
  1.5854143651E+005  4.1554595505E+004
  1.5860820444E+005  4.1503753115E+004
  1.5865843748E+005  4.1465670680E+004
  1.5872562491E+005  4.1414959105E+004
  1.5879305307E+005  4.1364320627E+004
  1.5884378268E+005  4.1326389308E+004
  1.5891163417E+005  4.1275877177E+004
  1.5896268227E+005  4.1238040064E+004
  1.5903095975E+005  4.1187652949E+004
  1.5908232834E+005  4.1149909772E+004
  1.5915103446E+005  4.1099647018E+004
  1.5920272554E+005  4.1061996207E+004
  1.5927186298E+005  4.1011856350E+004
  1.5932387856E+005  4.0974297008E+004
  1.5939345002E+005  4.0924278174E+004
  1.5944579211E+005  4.0886809031E+004
  1.5949827477E+005  4.0849378293E+004
  1.5956847093E+005  4.0799529567E+004
  1.5962128301E+005  4.0762187974E+004
  1.5969191978E+005  4.0712458576E+004
  1.5974506333E+005  4.0675205910E+004
  1.5979834958E+005  4.0637990945E+004
  1.5986962053E+005  4.0588428921E+004
  1.5992324119E+005  4.0551300480E+004
  1.5999495941E+005  4.0501853090E+004
  1.6004891656E+005  4.0464810386E+004
  1.6010301857E+005  4.0427804645E+004
  1.6017538056E+005  4.0378520122E+004
  1.6022982204E+005  4.0341598530E+004
  1.6028440965E+005  4.0304712652E+004
  1.6033914377E+005  4.0267863501E+004
  1.6041235101E+005  4.0218790308E+004
  1.6046742823E+005  4.0182029792E+004
  1.6052265313E+005  4.0145307265E+004
  1.6059651673E+005  4.0096402083E+004
  1.6065208774E+005  4.0059766403E+004
  1.6070780773E+005  4.0023167454E+004
  1.6076367710E+005  3.9986605005E+004
  1.6081969625E+005  3.9950078857E+004
  1.6089462210E+005  3.9901433510E+004
  1.6095099226E+005  3.9864991453E+004
  1.6100751350E+005  3.9828585163E+004
  1.6106418624E+005  3.9792214362E+004
  1.6112101087E+005  3.9755879339E+004
  1.6119701402E+005  3.9707485398E+004
  1.6125419462E+005  3.9671229418E+004
  1.6131152846E+005  3.9635006544E+004
  1.6136901593E+005  3.9598817018E+004
  1.6142665744E+005  3.9562660945E+004
  1.6148445339E+005  3.9526537980E+004
  1.6154240420E+005  3.9490447984E+004
  1.6160051027E+005  3.9454390879E+004
  1.6167822724E+005  3.9406365826E+004
  1.6173669718E+005  3.9370385324E+004
  1.6179532374E+005  3.9334437631E+004
  1.6185410734E+005  3.9298522718E+004
  1.6191304840E+005  3.9262640489E+004
  1.6197214732E+005  3.9226790790E+004
  1.6203140453E+005  3.9190973903E+004
  1.6209082044E+005  3.9155189129E+004
  1.6215039548E+005  3.9119436033E+004
  1.6221013005E+005  3.9083713976E+004
  1.6227002459E+005  3.9048023725E+004
  1.6233007950E+005  3.9012365034E+004
  1.6239029522E+005  3.8976737870E+004
  1.6245067218E+005  3.8941142168E+004
  1.6251121078E+005  3.8905577854E+004
  1.6257191147E+005  3.8870044893E+004
  1.6263277467E+005  3.8834540904E+004
  1.6269380081E+005  3.8799050226E+004
  1.6275499029E+005  3.8763576873E+004
  1.6281634345E+005  3.8728125340E+004
  1.6287786070E+005  3.8692698104E+004
  1.6293954248E+005  3.8657297337E+004
  1.6298075528E+005  3.8633711890E+004
  1.6304271223E+005  3.8598356131E+004
  1.6310483487E+005  3.8563029173E+004
  1.6316712364E+005  3.8527733059E+004
  1.6322957898E+005  3.8492468774E+004
  1.6329220134E+005  3.8457236845E+004
  1.6335499115E+005  3.8422037589E+004
  1.6341794887E+005  3.8386871239E+004
  1.6348107495E+005  3.8351737981E+004
  1.6352325276E+005  3.8328334256E+004
  1.6358666044E+005  3.8293256335E+004
  1.6365023768E+005  3.8258211453E+004
  1.6371398496E+005  3.8223199375E+004
  1.6377790271E+005  3.8188219922E+004
  1.6384199142E+005  3.8153273698E+004
  1.6388481242E+005  3.8129993958E+004
  1.6394918707E+005  3.8095100254E+004
  1.6401373390E+005  3.8060239493E+004
  1.6407845340E+005  3.8025411133E+004
  1.6412169588E+005  3.8002210191E+004
  1.6418670419E+005  3.7967435721E+004
  1.6425188641E+005  3.7932693588E+004
  1.6431724303E+005  3.7897983789E+004
  1.6438277453E+005  3.7863306266E+004
  1.6442655959E+005  3.7840205799E+004
  1.6449238362E+005  3.7805581837E+004
  1.6455838381E+005  3.7770989872E+004
  1.6460248205E+005  3.7747946773E+004
  1.6466877693E+005  3.7713410197E+004
  1.6473524929E+005  3.7678907237E+004
  1.6480189960E+005  3.7644436744E+004
  1.6484643225E+005  3.7621474813E+004
  1.6491338026E+005  3.7587059242E+004
  1.6498050755E+005  3.7552676325E+004
  1.6502535892E+005  3.7529772482E+004
  1.6509278613E+005  3.7495443833E+004
  1.6516039396E+005  3.7461147663E+004
  1.6520556644E+005  3.7438301548E+004
  1.6527347643E+005  3.7404059303E+004
  1.6534156839E+005  3.7369849299E+004
  1.6538706438E+005  3.7347060513E+004
  1.6545546069E+005  3.7312904183E+004
  1.6552404013E+005  3.7278780147E+004
  1.6556986174E+005  3.7256048741E+004
  1.6563874754E+005  3.7221978628E+004
  1.6568477387E+005  3.7199283510E+004
  1.6575396745E+005  3.7165268941E+004
  1.6582334641E+005  3.7131288471E+004
  1.6586970228E+005  3.7108653805E+004
  1.6593939135E+005  3.7074777936E+004
  1.6598595445E+005  3.7052288565E+004
  1.6605595508E+005  3.7018583152E+004
  1.6612614335E+005  3.6984911824E+004
  1.6617304005E+005  3.6962483146E+004
  1.6624354225E+005  3.6928868859E+004
  1.6629064872E+005  3.6906478566E+004
  1.6636146632E+005  3.6872921914E+004
  1.6640878356E+005  3.6850569948E+004
  1.6647991806E+005  3.6817070622E+004
  1.6652744706E+005  3.6794756781E+004
  1.6659889996E+005  3.6761314528E+004
  1.6664664173E+005  3.6739038657E+004
  1.6671841454E+005  3.6705653218E+004
  1.6676637009E+005  3.6683415118E+004
  1.6683846432E+005  3.6650086181E+004
  1.6688663466E+005  3.6627885658E+004
  1.6695905184E+005  3.6594612968E+004
  1.6700743799E+005  3.6572449852E+004
  1.6708017965E+005  3.6539233083E+004
  1.6712878263E+005  3.6517107116E+004
  1.6720185032E+005  3.6483945900E+004
  1.6725067116E+005  3.6461856876E+004
  1.6732406642E+005  3.6428750963E+004
  1.6737310616E+005  3.6406698731E+004
  1.6744683054E+005  3.6373647875E+004
  1.6749609022E+005  3.6351632251E+004
  1.6754543816E+005  3.6329631218E+004
  1.6761962595E+005  3.6296656972E+004
  1.6766919529E+005  3.6274692318E+004
  1.6774371595E+005  3.6241772575E+004
  1.6779350774E+005  3.6219844231E+004
  1.6786836287E+005  3.6186978940E+004
  1.6791837816E+005  3.6165086904E+004
  1.6796848314E+005  3.6143209408E+004
  1.6804380917E+005  3.6110420680E+004
  1.6809413914E+005  3.6088580155E+004
  1.6816980343E+005  3.6055847568E+004
  1.6822035944E+005  3.6034044662E+004
  1.6827100616E+005  3.6012256782E+004
  1.6834714670E+005  3.5979603046E+004
  1.6839802095E+005  3.5957852548E+004
  1.6844898646E+005  3.5936116955E+004
  1.6852560612E+005  3.5903541465E+004
  1.6857680041E+005  3.5881842925E+004
  1.6862808652E+005  3.5860156958E+004
  1.6870518822E+005  3.5827647353E+004
  1.6875670462E+005  3.5805987374E+004
  1.6880831344E+005  3.5784338387E+004
  1.6888590033E+005  3.5751886435E+004
  1.6893774095E+005  3.5730266668E+004
  1.6898967458E+005  3.5708659137E+004
  1.6906774982E+005  3.5676271290E+004
  1.6911991676E+005  3.5654695287E+004
  1.6917217732E+005  3.5633132167E+004
  1.6925074409E+005  3.5600811936E+004
  1.6930323946E+005  3.5579281201E+004
  1.6935582907E+005  3.5557763032E+004
  1.6940851308E+005  3.5536257259E+004
  1.6948771647E+005  3.5504021559E+004
  1.6954063724E+005  3.5482546264E+004
  1.6959365303E+005  3.5461083145E+004
  1.6964676400E+005  3.5439632266E+004
  1.6972660931E+005  3.5407478881E+004
  1.6977995901E+005  3.5386058535E+004
  1.6983340451E+005  3.5364650343E+004
  1.6988694599E+005  3.5343254271E+004
  1.6996743854E+005  3.5311182835E+004
  1.7002122073E+005  3.5289816954E+004
  1.7007509950E+005  3.5268463097E+004
  1.7012907505E+005  3.5247121223E+004
  1.7021022019E+005  3.5215130885E+004
  1.7026443844E+005  3.5193819135E+004
  1.7031875407E+005  3.5172519630E+004
  1.7037316727E+005  3.5151232429E+004
  1.7042767821E+005  3.5129957549E+004
  1.7050962829E+005  3.5098068317E+004
  1.7056438438E+005  3.5076824194E+004
  1.7061923884E+005  3.5055592337E+004
  1.7067419185E+005  3.5034372723E+004
  1.7072924358E+005  3.5013165329E+004
  1.7081200670E+005  3.4981377097E+004
  1.7086730605E+005  3.4960200141E+004
  1.7092270476E+005  3.4939035307E+004
  1.7097820300E+005  3.4917882559E+004
  1.7103380097E+005  3.4896741850E+004
  1.7108949884E+005  3.4875613125E+004
  1.7117323335E+005  3.4843942387E+004
  1.7122918177E+005  3.4822843389E+004
  1.7128523072E+005  3.4801756205E+004
  1.7134138039E+005  3.4780680801E+004
  1.7139763096E+005  3.4759617151E+004
  1.7145398261E+005  3.4738565231E+004
  1.7151043552E+005  3.4717525022E+004
  1.7159530517E+005  3.4685986637E+004
  1.7165201205E+005  3.4664975646E+004
  1.7170882084E+005  3.4643976322E+004
  1.7176573172E+005  3.4622988654E+004
  1.7182274487E+005  3.4602012636E+004
  1.7187986048E+005  3.4581048262E+004
  1.7193707873E+005  3.4560095520E+004
  1.7199439981E+005  3.4539155878E+004
  1.7205182390E+005  3.4518229824E+004
  1.7210935119E+005  3.4497316593E+004
  1.7219583602E+005  3.4465969915E+004
  1.7225362211E+005  3.4445087258E+004
  1.7231151204E+005  3.4424216626E+004
  1.7236950601E+005  3.4403357997E+004
  1.7242760419E+005  3.4382511331E+004
  1.7248580678E+005  3.4361676576E+004
  1.7254411395E+005  3.4340853669E+004
  1.7260252591E+005  3.4320042557E+004
  1.7266104283E+005  3.4299243196E+004
  1.7271966490E+005  3.4278455545E+004
  1.7277839231E+005  3.4257679561E+004
  1.7280000000E+005  3.4250026276E+004
  1.9447701279E+005  2.8807754252E+004
  2.1611031283E+005  2.5576456314E+004
  2.3768699252E+005  2.3374815970E+004
  2.5932542627E+005  2.1716557904E+004
  2.8098542627E+005  2.0365868553E+004
  3.0255042627E+005  1.9241826874E+004
  3.2411542627E+005  1.8287073960E+004
  3.4577542627E+005  1.7459961512E+004
  3.6734042627E+005  1.6743536167E+004
  3.8890542627E+005  1.6110937525E+004
  4.1056542627E+005  1.5544281834E+004
  4.3213042627E+005  1.5036933833E+004
  4.5369542627E+005  1.4577951720E+004
  4.7535542627E+005  1.4158837120E+004
  4.9692042627E+005  1.3777434669E+004
  5.1858042627E+005  1.3425347015E+004
  5.4014542627E+005  1.3101057995E+004
  5.6171042627E+005  1.2799115950E+004
  5.8337042627E+005  1.2515262744E+004
  6.0493542627E+005  1.2249705373E+004
  6.2650042627E+005  1.1999886233E+004
  6.4816042627E+005  1.1763269974E+004
  6.6972542627E+005  1.1540881460E+004
  6.9138542627E+005  1.1329632667E+004
  7.1295042627E+005  1.1130318456E+004
  7.3451542627E+005  1.0940621300E+004
  7.5617542627E+005  1.0759280673E+004
  7.7774042627E+005  1.0586633022E+004
  7.9930542627E+005  1.0421275297E+004
  8.2096542627E+005  1.0262164540E+004
  8.4253042627E+005  1.0110341597E+004
  8.6409542627E+005  9.9647414683E+003
  8.8575542627E+005  9.8244633515E+003
  9.0732042627E+005  9.6904193039E+003
  9.2898042627E+005  9.5611770334E+003
  9.5054542627E+005  9.4375234262E+003
  9.7211042627E+005  9.3185103350E+003
  9.9377042627E+005  9.2033449765E+003
  1.0153354263E+006  9.0928888244E+003
  1.0369004263E+006  8.9865388917E+003
  1.0585604263E+006  8.8837446500E+003
  1.0801254263E+006  8.7853977265E+003
  1.1017854263E+006  8.6907103572E+003
  1.1233504263E+006  8.6006241725E+003
  1.1449154263E+006  8.5147332910E+003
  1.1665754263E+006  8.4332663659E+003
  1.1881404263E+006  8.3550702500E+003
  1.2097054263E+006  8.2803723906E+003
  1.2313654263E+006  8.2088200425E+003
  1.2529304263E+006  8.1410643901E+003
  1.2744954263E+006  8.0767592508E+003
  1.2961554263E+006  8.0156357763E+003
  1.3177204263E+006  7.9582332741E+003
  1.3393804263E+006  7.9039583768E+003
  1.3609454263E+006  7.8529737374E+003
  1.3825104263E+006  7.8046416486E+003
  1.4041704263E+006  7.7585631017E+003
  1.4257354263E+006  7.7150680133E+003
  1.4473004263E+006  7.6739025233E+003
  1.4689604263E+006  7.6348626199E+003
  1.4905254263E+006  7.5982345362E+003
  1.5121854263E+006  7.5635931403E+003
  1.5337504263E+006  7.5311140079E+003
  1.5553154263E+006  7.5003869097E+003
  1.5769754263E+006  7.4710430688E+003
  1.5985404263E+006  7.4431852975E+003
  1.6201054263E+006  7.4164415012E+003
  1.6417654263E+006  7.3905280332E+003
  1.6633304263E+006  7.3656211118E+003
  1.6848954263E+006  7.3415954245E+003
  1.7065554263E+006  7.3183291203E+003
  1.7281204263E+006  7.2959872370E+003
  1.7497804263E+006  7.2743247105E+003
  1.7713454263E+006  7.2534800577E+003
  1.7929104263E+006  7.2333051861E+003
  1.8145704263E+006  7.2136703154E+003
  1.8361354263E+006  7.1947093041E+003
  1.8577004263E+006  7.1763029588E+003
  1.8793604263E+006  7.1583314895E+003
  1.9009254263E+006  7.1409045671E+003
  1.9225854263E+006  7.1238759184E+003
  1.9441504263E+006  7.1073359737E+003
  1.9657154263E+006  7.0912268093E+003
  1.9873754263E+006  7.0754145169E+003
  2.0089404263E+006  7.0600542096E+003
  2.0305054263E+006  7.0450503488E+003
  2.0521654263E+006  7.0303204187E+003
  2.0737304263E+006  7.0159117482E+003
  2.0952954263E+006  7.0016482918E+003
  2.1169554263E+006  6.9874545028E+003
  2.1385204263E+006  6.9734651893E+003
  2.1601804263E+006  6.9596307032E+003
  2.1817454263E+006  6.9460449316E+003
  2.2033104263E+006  6.9326817139E+003
  2.2249704263E+006  6.9194028948E+003
  2.2465354263E+006  6.9062947796E+003
  2.2681004263E+006  6.8932077860E+003
  2.2897604263E+006  6.8801544876E+003
  2.3113254263E+006  6.8672524087E+003
  2.3329854263E+006  6.8543780809E+003
  2.3545504263E+006  6.8416428079E+003
  2.3761154263E+006  6.8289843886E+003
  2.3977754263E+006  6.8163495590E+003
  2.4193404263E+006  6.8037884398E+003
  2.4409054263E+006  6.7912944916E+003
  2.4625654263E+006  6.7788283730E+003
  2.4841304263E+006  6.7664092098E+003
  2.5056954263E+006  6.7540811563E+003
  2.5273554263E+006  6.7417436708E+003
  2.5489204263E+006  6.7294763186E+003
  2.5705804263E+006  6.7172266655E+003
  2.5921454263E+006  6.7050995178E+003
  2.6137104263E+006  6.6930298983E+003
  2.6353704263E+006  6.6809613913E+003
  2.6569354263E+006  6.6689966106E+003
  2.6785004263E+006  6.6570913891E+003
  2.7001604263E+006  6.6452088221E+003
  2.7217254263E+006  6.6334674134E+003
  2.7433854263E+006  6.6217800115E+003
  2.7649504263E+006  6.6101544568E+003
  2.7865154263E+006  6.5986025855E+003
  2.8081754263E+006  6.5871154982E+003
  2.8297404263E+006  6.5756222360E+003
  2.8513054263E+006  6.5642945125E+003
  2.8729654263E+006  6.5528569075E+003
  2.8945304263E+006  6.5416151738E+003
  2.9160954263E+006  6.5303048485E+003
  2.9377554263E+006  6.5190270927E+003
  2.9593204263E+006  6.5079226501E+003
  2.9809804263E+006  6.4966659747E+003
  3.0025454263E+006  6.4855358404E+003
  3.0241104263E+006  6.4744903444E+003
  3.0457704263E+006  6.4634471058E+003
  3.0673354263E+006  6.4524869354E+003
  3.0889004263E+006  6.4415751432E+003
  3.1105604263E+006  6.4306210094E+003
  3.1321254263E+006  6.4197781848E+003
  3.1537854263E+006  6.4089468829E+003
  3.1753504263E+006  6.3982205087E+003
  3.1969154263E+006  6.3875022966E+003
  3.2185754263E+006  6.3767938341E+003
  3.2401404263E+006  6.3661906127E+003
  3.2617054263E+006  6.3556534116E+003
  3.2833654263E+006  6.3451473380E+003
  3.3049304263E+006  6.3347773915E+003
  3.3264954263E+006  6.3243305878E+003
  3.3481554263E+006  6.3139109329E+003
  3.3697204263E+006  6.3036467431E+003
  3.3913804263E+006  6.2933821423E+003
  3.4129454263E+006  6.2831061855E+003
  3.4345104263E+006  6.2729860516E+003
  3.4560000000E+006  6.2628384468E+003