  1.4136160431E+005  5.9096112115E+013
  1.4142181345E+005  5.9096251540E+013
  1.4148102863E+005  5.9096389027E+013
  1.4154119010E+005  5.9096532040E+013
  1.4160135359E+005  5.9096606979E+013
  1.4166085264E+005  5.9073365087E+013
  1.4172091639E+005  5.9102247066E+013
  1.4178132839E+005  5.9099416681E+013
  1.4184116791E+005  5.9100735860E+013
  1.4190109227E+005  5.9106593719E+013
  1.4196097114E+005  5.9114640266E+013
  1.4202149535E+005  5.9124902774E+013
  1.4208169448E+005  5.9138693397E+013
  1.4214114746E+005  5.9156486171E+013
  1.4220097626E+005  5.9178424687E+013
  1.4226129852E+005  5.9203736851E+013
  1.4232208922E+005  5.9231782462E+013
  1.4238206977E+005  5.9261614216E+013
  1.4244201794E+005  5.9293383287E+013
  1.4250162762E+005  5.9326744531E+013
  1.4256188150E+005  5.9362066438E+013
  1.4262258320E+005  5.9399056752E+013
  1.4268201938E+005  5.9436427474E+013
  1.4274283600E+005  5.9475669279E+013
  1.4280171679E+005  5.9514516743E+013
  1.4286325101E+005  5.9555902019E+013
  1.4292224575E+005  5.9596230713E+013
  1.4298185179E+005  5.9637557548E+013
  1.4304195083E+005  5.9679761461E+013
  1.4310241649E+005  5.9722704780E+013
  1.4316311471E+005  5.9766241493E+013
  1.4322390300E+005  5.9810238017E+013
  1.4328242847E+005  5.9852945247E+013
  1.4334287281E+005  5.9897392044E+013
  1.4340294566E+005  5.9941892415E+013
  1.4346248424E+005  5.9986294999E+013
  1.4352381060E+005  6.0032311570E+013
  1.4358440809E+005  6.0078032934E+013
  1.4364410295E+005  6.0123291792E+013
  1.4370272029E+005  6.0167920978E+013
  1.4376285150E+005  6.0213880313E+013
  1.4382452414E+005  6.0261202586E+013
  1.4388485461E+005  6.0307666240E+013
  1.4394365594E+005  6.0353106795E+013
  1.4400377613E+005  6.0399716808E+013
  1.4406519900E+005  6.0447486628E+013
  1.4412474752E+005  6.0493937235E+013
  1.4418547103E+005  6.0541439356E+013
  1.4424409418E+005  6.0587424302E+013
  1.4430379611E+005  6.0634376815E+013
  1.4436459020E+005  6.0682307762E+013
  1.4442649062E+005  6.0731228525E+013
  1.4448598121E+005  6.0778350905E+013
  1.4454648449E+005  6.0826376798E+013
  1.4460436564E+005  6.0872412315E+013
  1.4466687257E+005  6.0922221987E+013
  1.4472666357E+005  6.0969955328E+013
  1.4478739850E+005  6.1018527139E+013
  1.4484520545E+005  6.1064839030E+013
  1.4490780338E+005  6.1115076042E+013
  1.4496737869E+005  6.1162967496E+013
  1.4502782540E+005  6.1211635877E+013
  1.4508503823E+005  6.1257768430E+013
  1.4514720026E+005  6.1307963365E+013
  1.4520603314E+005  6.1355535943E+013
  1.4526566169E+005  6.1403814542E+013
  1.4532609566E+005  6.1452806945E+013
  1.4538734404E+005  6.1502520297E+013
  1.4544495516E+005  6.1549334936E+013
  1.4550780175E+005  6.1600460664E+013
  1.4556691351E+005  6.1648600029E+013
  1.4562676012E+005  6.1697389819E+013
  1.4568734988E+005  6.1746838878E+013
  1.4574869039E+005  6.1796953840E+013
  1.4580598628E+005  6.1843811370E+013
  1.4586879513E+005  6.1895228249E+013
  1.4592746067E+005  6.1943299989E+013
  1.4598679391E+005  6.1991963513E+013
  1.4604680215E+005  6.2041225149E+013
  1.4610749245E+005  6.2091091069E+013
  1.4616887128E+005  6.2141566946E+013
  1.4622574643E+005  6.2188377874E+013
  1.4628846593E+005  6.2240041120E+013
  1.4634658275E+005  6.2287951561E+013
  1.4641066982E+005  6.2340825682E+013
  1.4647005238E+005  6.2389856741E+013
  1.4653004971E+005  6.2439431949E+013
  1.4659066799E+005  6.2489556728E+013
  1.4664631911E+005  6.2535605774E+013
  1.4670813859E+005  6.2586793535E+013
  1.4677059623E+005  6.2638545798E+013
  1.4682793511E+005  6.2686088062E+013
  1.4689162907E+005  6.2738934319E+013
  1.4695010232E+005  6.2787480739E+013
  1.4700912265E+005  6.2836511736E+013
  1.4706869509E+005  6.2886031941E+013
  1.4712882474E+005  6.2936046039E+013
  1.4718951674E+005  6.2986558768E+013
  1.4725077629E+005  6.3037574908E+013
  1.4730639891E+005  6.3083923398E+013
  1.4736874966E+005  6.3135908045E+013
  1.4743168223E+005  6.3188409377E+013
  1.4748882346E+005  6.3236106468E+013
  1.4754644433E+005  6.3284229808E+013
  1.4761103499E+005  6.3338204653E+013
  1.4766968146E+005  6.3387239915E+013
  1.4772881935E+005  6.3436712405E+013
  1.4778845280E+005  6.3486625962E+013
  1.4784858603E+005  6.3536984482E+013
  1.4790922329E+005  6.3587791911E+013
  1.4797036887E+005  6.3639052237E+013
  1.4803202714E+005  6.3690769492E+013
  1.4808726794E+005  6.3737126864E+013
  1.4814990510E+005  6.3789717092E+013
  1.4821306672E+005  6.3842775275E+013
  1.4826965431E+005  6.3890334342E+013
  1.4833381891E+005  6.3944287763E+013
  1.4839130531E+005  6.3992647778E+013
  1.4844921976E+005  6.4041388360E+013
  1.4850756522E+005  6.4090512315E+013
  1.4857372257E+005  6.4146238349E+013
  1.4863299386E+005  6.4196186353E+013
  1.4869270608E+005  6.4246527060E+013
  1.4875286263E+005  6.4297263659E+013
  1.4881346693E+005  6.4348399370E+013
  1.4887452246E+005  6.4399937445E+013
  1.4892831893E+005  6.4445365899E+013
  1.4899022940E+005  6.4497666820E+013
  1.4905260029E+005  6.4550378842E+013
  1.4911543517E+005  6.4603505319E+013
  1.4917079913E+005  6.4650333627E+013
  1.4923451368E+005  6.4704246349E+013
  1.4929065294E+005  6.4751767891E+013
  1.4935525999E+005  6.4806478956E+013
  1.4941218585E+005  6.4854704408E+013
  1.4946948254E+005  6.4903261900E+013
  1.4953542114E+005  6.4959165280E+013
  1.4959351980E+005  6.5008441358E+013
  1.4965199668E+005  6.5058056540E+013
  1.4971085435E+005  6.5108013253E+013
  1.4977009539E+005  6.5158313942E+013
  1.4982972238E+005  6.5208961070E+013
  1.4988973794E+005  6.5259957119E+013
  1.4995014470E+005  6.5311304588E+013
  1.5001094523E+005  6.5363005931E+013
  1.5007214165E+005  6.5415063215E+013
  1.5013373651E+005  6.5467478892E+013
  1.5019573251E+005  6.5520255533E+013
  1.5024919328E+005  6.5565781924E+013
  1.5031194154E+005  6.5619235862E+013
  1.5037509884E+005  6.5673058297E+013
  1.5042956139E+005  6.5719487152E+013
  1.5049348589E+005  6.5774001133E+013
  1.5055782763E+005  6.5828891416E+013
  1.5061331159E+005  6.5876241499E+013
  1.5067843468E+005  6.5931836982E+013
  1.5073459245E+005  6.5979795740E+013
  1.5079106419E+005  6.6028038359E+013
  1.5085734728E+005  6.6084682458E+013
  1.5091450589E+005  6.6133545977E+013
  1.5097198458E+005  6.6182698809E+013
  1.5102978534E+005  6.6232142707E+013
  1.5109762924E+005  6.6290197482E+013
  1.5115613411E+005  6.6340277683E+013
  1.5121496665E+005  6.6390653960E+013
  1.5127412886E+005  6.6441328115E+013
  1.5133362280E+005  6.6492301966E+013
  1.5139345052E+005  6.6543577346E+013
  1.5145361410E+005  6.6595156102E+013
  1.5151411564E+005  6.6647040095E+013
  1.5157495725E+005  6.6699231201E+013
  1.5163614103E+005  6.6751731289E+013
  1.5169766857E+005  6.6804541784E+013
  1.5175954179E+005  6.6857664409E+013
  1.5181136845E+005  6.6902173078E+013
  1.5187388107E+005  6.6955872931E+013
  1.5193674555E+005  6.7009890383E+013
  1.5199996410E+005  6.7064227390E+013
  1.5205291828E+005  6.7109753752E+013
  1.5211679172E+005  6.7164681728E+013
  1.5218102552E+005  6.7219934839E+013
  1.5223483017E+005  6.7266228539E+013
  1.5229972927E+005  6.7322081862E+013
  1.5235409133E+005  6.7368878400E+013
  1.5241966316E+005  6.7425338520E+013
  1.5247458904E+005  6.7472643563E+013
  1.5254084133E+005  6.7529717313E+013
  1.5259633751E+005  6.7577536579E+013
  1.5265209507E+005  6.7625591487E+013
  1.5271935107E+005  6.7683570107E+013
  1.5277568824E+005  6.7732147472E+013
  1.5283229058E+005  6.7780963838E+013
  1.5290056533E+005  6.7839860645E+013
  1.5295775585E+005  6.7889207045E+013
  1.5301521592E+005  6.7938796308E+013
  1.5307294693E+005  6.7988629653E+013
  1.5314258373E+005  6.8048753569E+013
  1.5320091568E+005  6.8099128185E+013
  1.5325952300E+005  6.8149750790E+013
  1.5331840709E+005  6.8200622612E+013
  1.5337756924E+005  6.8251744774E+013
  1.5343701044E+005  6.8303118175E+013
  1.5349673209E+005  6.8354744025E+013
  1.5355673559E+005  6.8406623554E+013
  1.5361702233E+005  6.8458757996E+013
  1.5367759374E+005  6.8511148584E+013
  1.5373845120E+005  6.8563796551E+013
  1.5379959614E+005  6.8616703130E+013
  1.5386102996E+005  6.8669869558E+013
  1.5392275409E+005  6.8723297075E+013
  1.5398476994E+005  6.8776986924E+013
  1.5403459363E+005  6.8820129008E+013
  1.5409713788E+005  6.8874296617E+013
  1.5415997739E+005  6.8928732001E+013
  1.5422311360E+005  6.8983436444E+013
  1.5427383716E+005  6.9027394586E+013
  1.5433751107E+005  6.9082586582E+013
  1.5440148574E+005  6.9138051252E+013
  1.5445288300E+005  6.9182620186E+013
  1.5451740272E+005  6.9238578946E+013
  1.5458222732E+005  6.9294814029E+013
  1.5463430749E+005  6.9340001929E+013
  1.5469968457E+005  6.9396737701E+013
  1.5476537068E+005  6.9453753479E+013
  1.5481814287E+005  6.9499568435E+013
  1.5488438833E+005  6.9557090988E+013
  1.5493760979E+005  6.9603312948E+013
  1.5500441926E+005  6.9661346414E+013
  1.5505809390E+005  6.9707978833E+013
  1.5512547229E+005  6.9766527544E+013
  1.5517960404E+005  6.9813573900E+013
  1.5523394021E+005  6.9860805350E+013
  1.5530214912E+005  6.9920106005E+013
  1.5535694814E+005  6.9967756451E+013
  1.5542573811E+005  7.0027583055E+013
  1.5548100399E+005  7.0075656028E+013
  1.5553647862E+005  7.0123917884E+013
  1.5560611632E+005  7.0184511607E+013
  1.5566206298E+005  7.0233200546E+013
  1.5571822073E+005  7.0282080437E+013
  1.5577459038E+005  7.0331151988E+013
  1.5584535166E+005  7.0392762030E+013
  1.5590220105E+005  7.0442267415E+013
  1.5595926498E+005  7.0491966775E+013
  1.5601654428E+005  7.0541860827E+013
  1.5608844751E+005  7.0604503272E+013
  1.5614621439E+005  7.0654838011E+013
  1.5620419932E+005  7.0705369786E+013
  1.5626240309E+005  7.0756099291E+013
  1.5632082632E+005  7.0807027050E+013
  1.5637946978E+005  7.0858153752E+013
  1.5643833433E+005  7.0909480128E+013
  1.5649742080E+005  7.0961006908E+013
  1.5655673005E+005  7.1012734826E+013
  1.5661626291E+005  7.1064664619E+013
  1.5667602024E+005  7.1116797024E+013
  1.5673600290E+005  7.1169132780E+013
  1.5679621174E+005  7.1221672631E+013
  1.5685664763E+005  7.1274417321E+013
  1.5691731143E+005  7.1327367597E+013
  1.5697820390E+005  7.1380524102E+013
  1.5703932569E+005  7.1433887409E+013
  1.5710067768E+005  7.1487458270E+013
  1.5716226075E+005  7.1541237436E+013
  1.5722407578E+005  7.1595225664E+013
  1.5728611856E+005  7.1649419271E+013
  1.5734838399E+005  7.1703813778E+013
  1.5741087289E+005  7.1758409880E+013
  1.5745788671E+005  7.1799489672E+013
  1.5752076865E+005  7.1854440238E+013
  1.5758387621E+005  7.1909594223E+013
  1.5764721004E+005  7.1964952173E+013
  1.5771077096E+005  7.2020514782E+013
  1.5775859117E+005  7.2062321465E+013
  1.5782255149E+005  7.2118243902E+013
  1.5788674116E+005  7.2174372912E+013
  1.5795116103E+005  7.2230709194E+013
  1.5799962750E+005  7.2273097847E+013
  1.5806445221E+005  7.2329798535E+013
  1.5812950940E+005  7.2386708418E+013
  1.5817845537E+005  7.2429528536E+013
  1.5824392143E+005  7.2486806198E+013
  1.5830962229E+005  7.2544294985E+013
  1.5835905252E+005  7.2587550549E+013
  1.5842516630E+005  7.2645410499E+013
  1.5849151721E+005  7.2703483511E+013
  1.5854143651E+005  7.2747178516E+013
  1.5860820444E+005  7.2805626050E+013
  1.5865843748E+005  7.2849602532E+013
  1.5872562491E+005  7.2908426062E+013
  1.5879305307E+005  7.2967465349E+013
  1.5884378268E+005  7.3011886892E+013
  1.5891163417E+005  7.3071305705E+013
  1.5896268227E+005  7.3116012828E+013
  1.5903095975E+005  7.3175813664E+013
  1.5908232834E+005  7.3220808245E+013
  1.5915103446E+005  7.3280993616E+013
  1.5920272554E+005  7.3326277545E+013
  1.5927186298E+005  7.3386849980E+013
  1.5932387856E+005  7.3432425159E+013
  1.5939345002E+005  7.3493387202E+013
  1.5944579211E+005  7.3539255544E+013
  1.5949827477E+005  7.3585250118E+013
  1.5956847093E+005  7.3646773188E+013
  1.5962128301E+005  7.3693063681E+013
  1.5969191978E+005  7.3754982605E+013
  1.5974506333E+005  7.3801570963E+013
  1.5979834958E+005  7.3848287575E+013
  1.5986962053E+005  7.3910776522E+013
  1.5992324119E+005  7.3957793799E+013
  1.5999495941E+005  7.4020684948E+013
  1.6004891656E+005  7.4068004866E+013
  1.6010301857E+005  7.4115455096E+013
  1.6017538056E+005  7.4178925411E+013
  1.6022982204E+005  7.4226681131E+013
  1.6028440965E+005  7.4274568389E+013
  1.6033914377E+005  7.4322587546E+013
  1.6041235101E+005  7.4386818768E+013
  1.6046742823E+005  7.4435146908E+013
  1.6052265313E+005  7.4483608082E+013
  1.6059651673E+005  7.4548430571E+013
  1.6065208774E+005  7.4597203618E+013
  1.6070780773E+005  7.4646110954E+013
  1.6076367710E+005  7.4695152957E+013
  1.6081969625E+005  7.4744330006E+013
  1.6089462210E+005  7.4810110138E+013
  1.6095099226E+005  7.4859603781E+013
  1.6100751350E+005  7.4909233748E+013
  1.6106418624E+005  7.4959000422E+013
  1.6112101087E+005  7.5008904191E+013
  1.6119701402E+005  7.5075656479E+013
  1.6125419462E+005  7.5125881646E+013
  1.6131152846E+005  7.5176245207E+013
  1.6136901593E+005  7.5226747554E+013
  1.6142665744E+005  7.5277389080E+013
  1.6148445339E+005  7.5328170181E+013
  1.6154240420E+005  7.5379091253E+013
  1.6160051027E+005  7.5430152694E+013
  1.6167822724E+005  7.5498453658E+013
  1.6173669718E+005  7.5549844183E+013
  1.6179532374E+005  7.5601376414E+013
  1.6185410734E+005  7.5653050756E+013
  1.6191304840E+005  7.5704867614E+013
  1.6197214732E+005  7.5756827396E+013
  1.6203140453E+005  7.5808930509E+013
  1.6209082044E+005  7.5861177365E+013
  1.6215039548E+005  7.5913568376E+013
  1.6221013005E+005  7.5966103954E+013
  1.6227002459E+005  7.6018784515E+013
  1.6233007950E+005  7.6071610475E+013
  1.6239029522E+005  7.6124582253E+013
  1.6245067218E+005  7.6177700268E+013
  1.6251121078E+005  7.6230964942E+013
  1.6257191147E+005  7.6284376698E+013
  1.6263277467E+005  7.6337935962E+013
  1.6269380081E+005  7.6391643159E+013
  1.6275499029E+005  7.6445498698E+013
  1.6281634345E+005  7.6499502917E+013
  1.6287786070E+005  7.6553656238E+013
  1.6293954248E+005  7.6607959092E+013
  1.6298075528E+005  7.6644244283E+013
  1.6304271223E+005  7.6698797325E+013
  1.6310483487E+005  7.6753501066E+013
  1.6316712364E+005  7.6808355944E+013
  1.6322957898E+005  7.6863362405E+013
  1.6329220134E+005  7.6918520894E+013
  1.6335499115E+005  7.6973831861E+013
  1.6341794887E+005  7.7029295755E+013
  1.6348107495E+005  7.7084913032E+013
  1.6352325276E+005  7.7122076654E+013
  1.6358666044E+005  7.7177950583E+013
  1.6365023768E+005  7.7233979118E+013
  1.6371398496E+005  7.7290162722E+013
  1.6377790271E+005  7.7346501861E+013
  1.6384199142E+005  7.7402997003E+013
  1.6388481242E+005  7.7440747333E+013
  1.6394918707E+005  7.7497503530E+013
  1.6401373390E+005  7.7554416995E+013
  1.6407845340E+005  7.7611488206E+013
  1.6412169588E+005  7.7649623553E+013
  1.6418670419E+005  7.7706958744E+013
  1.6425188641E+005  7.7764452970E+013
  1.6431724303E+005  7.7822106719E+013
  1.6438277453E+005  7.7879920484E+013
  1.6442655959E+005  7.7918552135E+013
  1.6449238362E+005  7.7976633691E+013
  1.6455838381E+005  7.8034876587E+013
  1.6460248205E+005  7.8073794988E+013
  1.6466877693E+005  7.8132307441E+013
  1.6473524929E+005  7.8190982092E+013
  1.6480189960E+005  7.8249819368E+013
  1.6484643225E+005  7.8289134776E+013
  1.6491338026E+005  7.8348244044E+013
  1.6498050755E+005  7.8407517080E+013
  1.6502535892E+005  7.8447123633E+013
  1.6509278613E+005  7.8506670576E+013
  1.6516039396E+005  7.8566382441E+013
  1.6520556644E+005  7.8606282188E+013
  1.6527347643E+005  7.8666269889E+013
  1.6534156839E+005  7.8726423673E+013
  1.6538706438E+005  7.8766618681E+013
  1.6545546069E+005  7.8827050180E+013
  1.6552404013E+005  7.8887648747E+013
  1.6556986174E+005  7.8928140823E+013
  1.6563874754E+005  7.8989018812E+013
  1.6568477387E+005  7.9029697578E+013
  1.6575396745E+005  7.9090856213E+013
  1.6582334641E+005  7.9152183826E+013
  1.6586970228E+005  7.9193162997E+013
  1.6593939135E+005  7.9254602739E+013
  1.6598595445E+005  7.9295385885E+013
  1.6605595508E+005  7.9356697682E+013
  1.6612614335E+005  7.9418174295E+013
  1.6617304005E+005  7.9459250449E+013
  1.6624354225E+005  7.9521002570E+013
  1.6629064872E+005  7.9562262733E+013
  1.6636146632E+005  7.9624291373E+013
  1.6640878356E+005  7.9665736221E+013
  1.6647991806E+005  7.9728042392E+013
  1.6652744706E+005  7.9769672596E+013
  1.6659889996E+005  7.9832257305E+013
  1.6664664173E+005  7.9874073537E+013
  1.6671841454E+005  7.9936937791E+013
  1.6676637009E+005  7.9978940720E+013
  1.6683846432E+005  8.0042085520E+013
  1.6688663466E+005  8.0084275812E+013
  1.6695905184E+005  8.0147702155E+013
  1.6700743799E+005  8.0190080474E+013
  1.6708017965E+005  8.0253789354E+013
  1.6712878263E+005  8.0296356361E+013
  1.6720185032E+005  8.0360348765E+013
  1.6725067116E+005  8.0403105116E+013
  1.6732406642E+005  8.0467382027E+013
  1.6737310616E+005  8.0510328375E+013
  1.6744683054E+005  8.0574890769E+013
  1.6749609022E+005  8.0618027764E+013
  1.6754543816E+005  8.0661241197E+013
  1.6761962595E+005  8.0726204895E+013
  1.6766919529E+005  8.0769609874E+013
  1.6774371595E+005  8.0834861368E+013
  1.6779350774E+005  8.0878458529E+013
  1.6786836287E+005  8.0943998770E+013
  1.6791837816E+005  8.0987788744E+013
  1.6796848314E+005  8.1031656017E+013
  1.6804380917E+005  8.1097602082E+013
  1.6809413914E+005  8.1141663039E+013
  1.6816980343E+005  8.1207900091E+013
  1.6822035944E+005  8.1252155346E+013
  1.6827100616E+005  8.1296488490E+013
  1.6834714670E+005  8.1363134459E+013
  1.6839802095E+005  8.1407662747E+013
  1.6844898646E+005  8.1452269208E+013
  1.6852560612E+005  8.1519325624E+013
  1.6857680041E+005  8.1564127852E+013
  1.6862808652E+005  8.1609008551E+013
  1.6870518822E+005  8.1676476935E+013
  1.6875670462E+005  8.1721554214E+013
  1.6880831344E+005  8.1766710285E+013
  1.6888590033E+005  8.1834592322E+013
  1.6893774095E+005  8.1879945765E+013
  1.6898967458E+005  8.1925378313E+013
  1.6906774982E+005  8.1993675647E+013
  1.6911991676E+005  8.2039306337E+013
  1.6917217732E+005  8.2085016436E+013
  1.6925074409E+005  8.2153730660E+013
  1.6930323946E+005  8.2199639653E+013
  1.6935582907E+005  8.2245628356E+013
  1.6940851308E+005  8.2291696856E+013
  1.6948771647E+005  8.2360949418E+013
  1.6954063724E+005  8.2407217793E+013
  1.6959365303E+005  8.2453566268E+013
  1.6964676400E+005  8.2499994928E+013
  1.6972660931E+005  8.2569788454E+013
  1.6977995901E+005  8.2616417952E+013
  1.6983340451E+005  8.2663127933E+013
  1.6988694599E+005  8.2709918480E+013
  1.6996743854E+005  8.2780255546E+013
  1.7002122073E+005  8.2827247874E+013
  1.7007509950E+005  8.2874321060E+013
  1.7012907505E+005  8.2921475185E+013
  1.7021022019E+005  8.2992358312E+013
  1.7026443844E+005  8.3039715142E+013
  1.7031875407E+005  8.3087153195E+013
  1.7037316727E+005  8.3134672552E+013
  1.7042767821E+005  8.3182273292E+013
  1.7050962829E+005  8.3253827170E+013
  1.7056438438E+005  8.3301631716E+013
  1.7061923884E+005  8.3349517920E+013
  1.7067419185E+005  8.3397485861E+013
  1.7072924358E+005  8.3445535617E+013
  1.7081200670E+005  8.3517763821E+013
  1.7086730605E+005  8.3566018448E+013
  1.7092270476E+005  8.3614355156E+013
  1.7097820300E+005  8.3662774021E+013
  1.7103380097E+005  8.3711275117E+013
  1.7108949884E+005  8.3759858519E+013
  1.7117323335E+005  8.3832888105E+013
  1.7122918177E+005  8.3881677592E+013
  1.7128523072E+005  8.3930549640E+013
  1.7134138039E+005  8.3979504322E+013
  1.7139763096E+005  8.4028541709E+013
  1.7145398261E+005  8.4077661871E+013
  1.7151043552E+005  8.4126864880E+013
  1.7159530517E+005  8.4200824883E+013
  1.7165201205E+005  8.4250235313E+013
  1.7170882084E+005  8.4299728831E+013
  1.7176573172E+005  8.4349305506E+013
  1.7182274487E+005  8.4398965406E+013
  1.7187986048E+005  8.4448708596E+013
  1.7193707873E+005  8.4498535144E+013
  1.7199439981E+005  8.4548444355E+013
  1.7205182390E+005  8.4598435666E+013
  1.7210935119E+005  8.4648509221E+013
  1.7219583602E+005  8.4723774080E+013
  1.7225362211E+005  8.4774053883E+013
  1.7231151204E+005  8.4824416442E+013
  1.7236950601E+005  8.4874861904E+013
  1.7242760419E+005  8.4925390419E+013
  1.7248580678E+005  8.4976002136E+013
  1.7254411395E+005  8.5026697205E+013
  1.7260252591E+005  8.5077475776E+013
  1.7266104283E+005  8.5128338002E+013
  1.7271966490E+005  8.5179284034E+013
  1.7277839231E+005  8.5230314027E+013
  1.7280000000E+005  8.5249087680E+013
  1.9447701279E+005  1.0374512819E+014
  2.1611031283E+005  1.2241032502E+014
  2.3768699252E+005  1.4047766240E+014
  2.5932542627E+005  1.5814836352E+014
  2.8098542627E+005  1.7611176792E+014
  3.0255042627E+005  1.9420808262E+014
  3.2411542627E+005  2.1239569242E+014
  3.4577542627E+005  2.3070429948E+014
  3.6734042627E+005  2.4887940372E+014
  3.8890542627E+005  2.6697493722E+014
  4.1056542627E+005  2.8505767224E+014
  4.3213042627E+005  3.0295592329E+014
  4.5369542627E+005  3.2072858590E+014
  4.7535542627E+005  3.3844192371E+014
  4.9692042627E+005  3.5593764241E+014
  5.1858042627E+005  3.7336976113E+014
  5.4014542627E+005  3.9059872158E+014
  5.6171042627E+005  4.0770955030E+014
  5.8337042627E+005  4.2478866523E+014
  6.0493542627E+005  4.4169992626E+014
  6.2650042627E+005  4.5851790477E+014
  6.4816042627E+005  4.7532013849E+014
  6.6972542627E+005  4.9196451432E+014
  6.9138542627E+005  5.0860944583E+014
  7.1295042627E+005  5.2512114524E+014
  7.3451542627E+005  5.4159836879E+014
  7.5617542627E+005  5.5809188943E+014
  7.7774042627E+005  5.7447033194E+014
  7.9930542627E+005  5.9079833668E+014
  8.2096542627E+005  6.0713942366E+014
  8.4253042627E+005  6.2334807188E+014
  8.6409542627E+005  6.3949854140E+014
  8.8575542627E+005  6.5566430352E+014
  9.0732042627E+005  6.7170702630E+014
  9.2898042627E+005  6.8776137269E+014
  9.5054542627E+005  7.0367917201E+014
  9.7211042627E+005  7.1952157054E+014
  9.9377042627E+005  7.3534752618E+014
  1.0153354263E+006  7.5100724240E+014
  1.0369004263E+006  7.6656144904E+014
  1.0585604263E+006  7.8207322235E+014
  1.0801254263E+006  7.9739509957E+014
  1.1017854263E+006  8.1264257012E+014
  1.1233504263E+006  8.2765305794E+014
  1.1449154263E+006  8.4246318174E+014
  1.1665754263E+006  8.5703474626E+014
  1.1881404263E+006  8.7138650872E+014
  1.2097054263E+006  8.8552292015E+014
  1.2313654263E+006  8.9949009047E+014
  1.2529304263E+006  9.1314679561E+014
  1.2744954263E+006  9.2653632206E+014
  1.2961554263E+006  9.3969529951E+014
  1.3177204263E+006  9.5248983858E+014
  1.3393804263E+006  9.6502024782E+014
  1.3609454263E+006  9.7718951437E+014
  1.3825104263E+006  9.8908389092E+014
  1.4041704263E+006  1.0007694099E+015
  1.4257354263E+006  1.0121433416E+015
  1.4473004263E+006  1.0232392924E+015
  1.4689604263E+006  1.0340713422E+015
  1.4905254263E+006  1.0445101121E+015
  1.5121854263E+006  1.0546237157E+015
  1.5337504263E+006  1.0643074073E+015
  1.5553154263E+006  1.0736479868E+015
  1.5769754263E+006  1.0827045269E+015
  1.5985404263E+006  1.0914405667E+015
  1.6201054263E+006  1.0999703841E+015
  1.6417654263E+006  1.1083907170E+015
  1.6633304263E+006  1.1166431405E+015
  1.6848954263E+006  1.1247577651E+015
  1.7065554263E+006  1.1327598837E+015
  1.7281204263E+006  1.1405753055E+015
  1.7497804263E+006  1.1482748354E+015
  1.7713454263E+006  1.1557964669E+015
  1.7929104263E+006  1.1631841522E+015
  1.8145704263E+006  1.1704762789E+015
  1.8361354263E+006  1.1776158671E+015
  1.8577004263E+006  1.1846385806E+015
  1.8793604263E+006  1.1915843037E+015
  1.9009254263E+006  1.1984025072E+015
  1.9225854263E+006  1.2051439046E+015
  1.9441504263E+006  1.2117694681E+015
  1.9657154263E+006  1.2183010553E+015
  1.9873754263E+006  1.2247848110E+015
  2.0089404263E+006  1.2311547495E+015
  2.0305054263E+006  1.2374429238E+015
  2.0521654263E+006  1.2436801555E+015
  2.0737304263E+006  1.2498211178E+015
  2.0952954263E+006  1.2559006264E+015
  2.1169554263E+006  1.2619473650E+015
  2.1385204263E+006  1.2679065333E+015
  2.1601804263E+006  1.2738204090E+015
  2.1817454263E+006  1.2796501454E+015
  2.2033104263E+006  1.2854001662E+015
  2.2249704263E+006  1.2911086107E+015
  2.2465354263E+006  1.2967046417E+015
  2.2681004263E+006  1.3022442026E+015
  2.2897604263E+006  1.3077348231E+015
  2.3113254263E+006  1.3131331796E+015
  2.3329854263E+006  1.3184938274E+015
  2.3545504263E+006  1.3237773700E+015
  2.3761154263E+006  1.3290122468E+015
  2.3977754263E+006  1.3342227139E+015
  2.4193404263E+006  1.3393906267E+015
  2.4409054263E+006  1.3445226406E+015
  2.4625654263E+006  1.3496319047E+015
  2.4841304263E+006  1.3547129781E+015
  2.5056954263E+006  1.3597481717E+015
  2.5273554263E+006  1.3647751612E+015
  2.5489204263E+006  1.3697637322E+015
  2.5705804263E+006  1.3747323110E+015
  2.5921454263E+006  1.3796406437E+015
  2.6137104263E+006  1.3845106303E+015
  2.6353704263E+006  1.3893617610E+015
  2.6569354263E+006  1.3941519212E+015
  2.6785004263E+006  1.3988970656E+015
  2.7001604263E+006  1.4036101369E+015
  2.7217254263E+006  1.4082406903E+015
  2.7433854263E+006  1.4128210169E+015
  2.7649504263E+006  1.4173481103E+015
  2.7865154263E+006  1.4218099966E+015
  2.8081754263E+006  1.4261968105E+015
  2.8297404263E+006  1.4305487929E+015
  2.8513054263E+006  1.4347936905E+015
  2.8729654263E+006  1.4390331806E+015
  2.8945304263E+006  1.4431426086E+015
  2.9160954263E+006  1.4472441622E+015
  2.9377554263E+006  1.4512731810E+015
  2.9593204263E+006  1.4551987981E+015
  2.9809804263E+006  1.4591338397E+015
  3.0025454263E+006  1.4629730709E+015
  3.0241104263E+006  1.4667434854E+015
  3.0457704263E+006  1.4704642121E+015
  3.0673354263E+006  1.4741080144E+015
  3.0889004263E+006  1.4776964613E+015
  3.1105604263E+006  1.4812599160E+015
  3.1321254263E+006  1.4847428719E+015
  3.1537854263E+006  1.4881795158E+015
  3.1753504263E+006  1.4915406419E+015
  3.1969154263E+006  1.4948633653E+015
  3.2185754263E+006  1.4981434071E+015
  3.2401404263E+006  1.5013528277E+015
  3.2617054263E+006  1.5045014903E+015
  3.2833654263E+006  1.5075999271E+015
  3.3049304263E+006  1.5106143136E+015
  3.3264954263E+006  1.5136280713E+015
  3.3481554263E+006  1.5166005030E+015
  3.3697204263E+006  1.5194838520E+015
  3.3913804263E+006  1.5223406357E+015
  3.4129454263E+006  1.5251788144E+015
  3.4345104263E+006  1.5279272286E+015
  3.4560000000E+006  1.5306709938E+015