0.002 39.0271 1e+07 1.93035e-06 1.1055e+07 2.96284e+16 102.245 108.547 115.29 119.933 124.134 93.733 108.547 112.526 114.406 116.396 98.155 101.471 105.451 150.003 151.219 151.882 154.093
0.00202 39.0276 2.58965e+10 0.00494943 217308 1.75053e+10 -1.14692 -0.595718 0.00428199 0.414282 0.784282 -1.91692 -0.595718 -0.245718 -0.085718 0.094282 -4.00332 -3.72213 -3.36332 0.567875 0.677875 0.727875 0.919073
0.00208605 39.0356 1.11389e+11 0.020615 105264 9.46778e+08 -3.30555 -2.77827 -2.20555 -1.80827 -1.44098 -4.07555 -2.77555 -2.44827 -2.29827 -2.12827 -6.16284 -5.91284 -5.56555 -1.77827 -1.67827 -1.62827 -1.44098
0.00230266 39.1148 3.9175e+11 0.0656818 58749.2 7.65553e+07 -5.2228 -4.73911 -4.19911 -3.81911 -3.46911 -6.0028 -4.72911 -4.42911 -4.29911 -4.14542 -7.90386 -7.70018 -7.38018 -3.81542 -3.72542 -3.68542 -3.51173
0.00263446 39.2993 8.21203e+11 0.120344 45123.1 1.74223e+07 -6.41214 -5.9604 -5.4504 -5.08453 -4.74453 -7.19627 -5.94627 -5.6704 -5.55453 -5.41453 -8.96974 -8.79974 -8.49387 -5.09453 -5.00867 -4.97867 -4.80867
0.00294457 39.4657 1.22259e+12 0.160297 40698 7.86044e+06 -7.1023 -6.67118 -6.17005 -5.81005 -5.47005 -7.88342 -6.65118 -6.38118 -6.27118 -6.14005 -9.59792 -9.44567 -9.14567 -5.82893 -5.74893 -5.71893 -5.55781
0.00329194 39.6231 1.6722e+12 0.196111 38099.9 4.2018e+06 -7.66739 -7.24573 -6.75407 -6.39407 -6.06242 -8.44739 -7.22573 -6.96407 -6.85407 -6.73242 -10.1157 -9.97401 -9.68235 -6.42242 -6.34242 -6.32076 -6.16076
0.00372183 39.7799 2.22862e+12 0.231177 36121.2 2.3656e+06 -8.19772 -7.78374 -7.29976 -6.94579 -6.61579 -8.97772 -7.76374 -7.50976 -7.40579 -7.27976 -10.6016 -10.4736 -10.1897 -6.97579 -6.90181 -6.87579 -6.72181
0.00425187 39.9313 2.91466e+12 0.264651 34460.3 1.38305e+06 -8.69445 -8.2872 -7.81271 -7.46271 -7.13546 -9.47445 -8.2672 -8.01996 -7.92271 -7.79546 -11.0607 -10.9434 -10.6662 -7.49546 -7.42546 -7.39822 -7.24822
0.00490895 40.0759 3.76513e+12 0.296113 32952.4 828810 -9.16442 -8.76354 -8.30179 -7.95179 -7.63092 -9.94442 -8.74354 -8.50267 -8.41179 -8.29092 -11.4988 -11.3879 -11.117 -7.99092 -7.92092 -7.90005 -7.75005
0.00573211 40.2144 4.83058e+12 0.325349 31506.7 503522 -9.62096 -9.23218 -8.77218 -8.4278 -8.11341 -10.401 -9.20657 -8.97218 -8.88218 -8.7678 -11.9173 -11.8185 -11.5485 -8.47341 -8.40341 -8.38341 -8.23341
0.00676689 40.3467 6.16992e+12 0.352011 30084.1 308644 -10.0616 -9.68602 -9.22823 -8.89044 -8.58044 -10.8438 -9.65602 -9.42823 -9.34044 -9.23044 -12.3161 -12.2306 -11.965 -8.94265 -8.87265 -8.85486 -8.70486
0.00808533 40.4742 7.87641e+12 0.376094 28653.6 189392 -10.4915 -10.1298 -9.67895 -9.34811 -9.03811 -11.2806 -10.0998 -9.87895 -9.79811 -9.68811 -12.6974 -12.6257 -12.374 -9.40727 -9.33727 -9.32643 -9.17643
0.00978594 40.5978 1.00776e+13 0.397574 27200.6 115693 -10.9207 -10.5674 -10.1374 -9.80741 -9.49741 -11.7107 -10.5374 -10.3307 -10.2507 -10.1474 -13.0741 -13.0107 -12.7674 -9.87408 -9.80408 -9.79408 -9.65075
0.0120204 40.7192 1.29696e+13 0.416558 25711 69849.6 -11.3486 -11.008 -10.5928 -10.2675 -9.96229 -12.1386 -10.978 -10.7828 -10.7075 -10.6123 -13.4406 -13.3948 -13.1596 -10.3423 -10.277 -10.267 -10.1318
0.0150063 40.8391 1.68344e+13 0.433101 24180.8 41459.2 -11.7767 -11.4573 -11.0544 -10.7379 -10.4379 -12.5702 -11.4273 -11.2408 -11.1744 -11.0844 -13.7984 -13.7755 -13.5525 -10.8179 -10.7614 -10.755 -10.6214
0.0190875 40.959 2.21035e+13 0.447072 22610.7 24020 -12.2111 -11.9174 -11.5337 -11.2268 -10.93 -13.0111 -11.8874 -11.7105 -11.6537 -11.57 -14.1496 -14.149 -13.9422 -11.3131 -11.26 -11.2631 -11.1263
0.0249457 41.0825 2.96635e+13 0.459084 20956.4 13320.7 -12.6684 -12.4006 -12.0346 -11.7387 -11.4527 -13.4684 -12.3665 -12.2046 -12.1587 -12.0927 -14.4979 -14.526 -14.3341 -11.8427 -11.7908 -11.7968 -11.6708
0.0340404 41.2156 4.13711e+13 0.46921 19157.4 6831.79 -13.1612 -12.9319 -12.5857 -12.3095 -12.0295 -13.9681 -12.885 -12.7557 -12.7226 -12.6626 -14.8553 -14.916 -14.7567 -12.4264 -12.3864 -12.3933 -12.2803
0.0526187 41.3867 6.5084e+13 0.477529 16855.4 2737.22 -13.7989 -13.6199 -13.3205 -13.0657 -12.8063 -14.6042 -13.5699 -13.4752 -13.4605 -13.4257 -15.2657 -15.3815 -15.262 -13.2163 -13.1815 -13.2015 -13.0968
0.0710695 41.4956 8.82702e+13 0.479509 15409.7 1470.14 -14.1913 -14.0636 -13.7978 -13.5559 -13.314 -15.0013 -14.0055 -13.9398 -13.9459 -13.924 -15.4881 -15.6504 -15.5647 -13.7321 -13.7021 -13.7302 -13.6383
0.0951977 41.5941 1.17946e+14 0.478324 14108 807.46 -14.5388 -14.4623 -14.2351 -14.0158 -13.7771 -15.3495 -14.3923 -14.3637 -14.3851 -14.3865 -15.6483 -15.8504 -15.8132 -14.2071 -14.1978 -14.2285 -14.1485
0.126709 41.6819 1.55303e+14 0.473192 12932.2 450.955 -14.8303 -14.8164 -14.636 -14.4357 -14.2189 -15.6535 -14.7432 -14.7428 -14.7925 -14.8157 -15.7455 -15.9884 -16.0012 -14.6522 -14.6554 -14.6986 -14.6218
0.168111 41.7581 2.01693e+14 0.463192 11857 254.176 -15.0774 -15.1258 -14.9885 -14.8198 -14.6155 -15.9074 -15.0401 -15.0828 -15.1585 -15.1998 -15.7753 -16.0623 -16.1307 -15.0669 -15.0769 -15.1325 -15.0682
0.217225 41.8153 2.52455e+14 0.448683 10952.7 151.408 -15.2517 -15.3569 -15.272 -15.1261 -14.9401 -16.0817 -15.2669 -15.355 -15.4491 -15.5131 -15.7311 -16.0662 -16.1843 -15.4072 -15.4242 -15.4912 -15.4453
0.266033 41.8505 2.98821e+14 0.433652 10273.3 100.604 -15.3457 -15.5092 -15.4641 -15.3365 -15.1689 -16.1819 -15.413 -15.5316 -15.6503 -15.7327 -15.6413 -16.0099 -16.1772 -15.6452 -15.6776 -15.7538 -15.72
0.316879 41.8726 3.4314e+14 0.418065 9709.83 70.7367 -15.3924 -15.6125 -15.604 -15.4969 -15.3456 -16.2324 -15.5082 -15.6554 -15.7983 -15.9013 -15.522 -15.9192 -16.135 -15.8299 -15.8742 -15.9585 -15.9328
0.370914 41.8854 3.8653e+14 0.402323 9216.02 51.5324 -15.4041 -15.6781 -15.7086 -15.6239 -15.4874 -16.2476 -15.5664 -15.7451 -15.9104 -16.0339 -15.3774 -15.8026 -16.0649 -15.9791 -16.0326 -16.1244 -16.1079
0.429222 41.8907 4.3001e+14 0.386778 8764.76 38.4259 -15.3816 -15.7131 -15.7867 -15.7235 -15.6013 -16.2395 -15.5942 -15.8088 -15.9956 -16.1335 -15.2041 -15.6509 -15.9634 -16.1002 -16.1681 -16.267 -16.2649
0.492794 41.8899 4.74145e+14 0.371459 8342.65 29.1161 -15.3378 -15.7262 -15.8425 -15.8007 -15.6928 -16.1978 -15.6002 -15.8504 -16.0586 -16.2167 -14.9925 -15.4607 -15.8291 -16.2049 -16.281 -16.3931 -16.3991
0.562671 41.8834 5.1941e+14 0.356386 7941.05 22.3108 -15.2698 -15.7147 -15.8796 -15.859 -15.7652 -16.1329 -15.5847 -15.8703 -16.1028 -16.2821 -14.7551 -15.2444 -15.6693 -16.2914 -16.3777 -16.5008 -16.517
0.63973 41.8716 5.65996e+14 0.341571 7555.75 17.2448 -15.1763 -15.678 -15.8992 -15.8997 -15.8204 -16.0464 -15.5477 -15.8689 -16.1294 -16.3301 -14.4919 -15.0023 -15.4838 -16.3608 -16.461 -16.5913 -16.6216
0.724395 41.8547 6.14165e+14 0.327322 7183.46 13.4395 -15.0466 -15.6213 -15.8937 -15.9161 -15.866 -15.924 -15.4764 -15.8487 -16.1311 -16.361 -14.1797 -14.7046 -15.2519 -16.4209 -16.5284 -16.6734 -16.7183
0.817067 41.8331 6.63789e+14 0.313645 6824.1 10.5571 -14.8893 -15.5427 -15.8667 -15.9209 -15.8906 -15.7742 -15.3879 -15.8021 -16.1164 -16.3709 -13.838 -14.3729 -14.9963 -16.4603 -16.58 -16.7397 -16.7994
0.918204 41.8067 7.14798e+14 0.300545 6477.02 8.35501 -14.7047 -15.44 -15.8208 -15.91 -15.8969 -15.597 -15.2754 -15.7339 -16.0854 -16.3623 -13.467 -14.0047 -14.7124 -16.4839 -16.6185 -16.7931 -16.8677
1.02823 41.7757 7.67908e+14 0.288327 6138.54 6.65953 -14.4898 -15.3091 -15.7586 -15.8783 -15.8882 -15.3897 -15.1292 -15.6488 -16.0385 -16.3383 -13.0613 -13.5913 -14.3906 -16.498 -16.6479 -16.8378 -16.9276
1.14755 41.7402 8.22445e+14 0.276694 5811.45 5.34444 -14.2351 -15.1493 -15.662 -15.8291 -15.8627 -15.143 -14.9614 -15.5363 -15.9577 -16.297 -12.6089 -13.1233 -14.0174 -16.4884 -16.6619 -16.8676 -16.9811
1.2767 41.7001 8.78482e+14 0.265649 5494.96 4.31632 -13.9424 -14.9591 -15.548 -15.7575 -15.8211 -14.8583 -14.7573 -15.3944 -15.8598 -16.2393 -12.115 -12.6014 -13.6098 -16.4688 -16.6606 -16.8883 -17.0201
1.41602 41.6557 9.35999e+14 0.255195 5189.1 3.50769 -13.6098 -14.7414 -15.4124 -15.6629 -15.7593 -14.5339 -14.5231 -15.226 -15.7406 -16.1611 -11.5854 -12.0267 -13.1624 -16.4316 -16.6439 -16.8963 -17.0486
1.56588 41.6071 9.96271e+14 0.245632 4890.83 2.86764 -13.2324 -14.491 -15.2492 -15.5447 -15.6775 -14.165 -14.2558 -15.029 -15.597 -16.0598 -11.0159 -11.3902 -12.6665 -16.3752 -16.6129 -16.8906 -17.0683
1.72696 41.5544 1.05729e+15 0.236363 4605.64 2.35709 -12.8128 -14.2012 -15.0539 -15.4019 -15.5777 -13.754 -13.9489 -14.8004 -15.4285 -15.9342 -10.411 -10.6938 -12.1279 -16.3023 -16.5657 -16.8703 -17.0726
1.89967 41.4978 1.12035e+15 0.227688 4330.81 1.94756 -12.3463 -13.8753 -14.8246 -15.2342 -15.4538 -13.2963 -13.6054 -14.5448 -15.2343 -15.784 -9.77756 -9.92853 -11.5472 -16.2136 -16.5034 -16.8431 -17.063
2.08427 41.4378 1.1856e+15 0.219609 4067.08 1.61755 -11.8083 -13.4998 -14.5664 -15.0392 -15.313 -12.7763 -13.2208 -14.2415 -15.0033 -15.6071 -9.10381 -9.08339 -10.9187 -16.0999 -16.4258 -16.7927 -17.0486
2.28125 41.3749 1.25166e+15 0.211826 3817.41 1.35004 -11.2273 -13.0907 -14.2756 -14.8201 -15.1405 -12.2054 -12.7865 -13.9133 -14.7398 -15.3982 -8.41856 -8.16873 -10.2466 -15.9708 -16.3331 -16.7354 -17.0277
2.49115 41.3094 1.32046e+15 0.20464 3579.24 1.13195 -10.5852 -12.6389 -13.9513 -14.5699 -14.9438 -11.5798 -12.3142 -13.5374 -14.4506 -15.1718 -7.72593 -7.17712 -9.54129 -15.8131 -16.2196 -16.6589 -16.9882
2.71456 41.2421 1.32046e+15 0.187799 3443.16 0.953176 -10.108 -12.2784 -13.6743 -14.3373 -14.7475 -11.1109 -11.9426 -13.2271 -14.1958 -14.9531 -7.24086 -6.48301 -9.03649 -15.6418 -16.0733 -16.5377 -16.8921
2.95194 41.1735 1.32046e+15 0.172697 3309.88 0.805946 -9.60994 -11.8986 -13.3846 -14.0927 -14.5422 -10.6184 -11.5515 -12.9036 -13.9287 -14.7197 -6.74845 -5.75972 -8.51592 -15.4648 -15.9188 -16.4113 -16.7938
3.20366 41.1044 1.32046e+15 0.159128 3180.77 0.684196 -9.07431 -11.4963 -13.07 -13.8367 -14.3222 -10.0928 -11.1335 -12.563 -13.6412 -14.4752 -6.25679 -4.99436 -7.97856 -15.2735 -15.759 -16.2845 -16.6915
3.47052 41.0354 1.32046e+15 0.146892 3056.82 0.582966 -8.53645 -11.0933 -12.7513 -13.5798 -14.099 -9.56619 -10.7137 -12.2218 -13.3506 -14.2296 -5.77513 -4.23175 -7.44632 -15.0784 -15.5976 -16.1568 -16.5863
3.75292 40.967 1.32046e+15 0.135839 2938.93 0.49849 -7.95501 -10.6602 -12.4151 -13.3009 -13.8656 -8.99618 -10.2634 -11.846 -13.043 -13.9677 -5.28994 -3.42725 -6.9041 -14.8791 -15.427 -16.015 -16.4785
4.05139 40.9 1.32046e+15 0.125831 2827.7 0.427713 -7.38694 -10.2355 -12.0846 -13.0251 -13.6347 -8.43906 -9.82234 -11.4782 -12.7409 -13.7094 -4.82128 -2.64568 -6.37858 -14.681 -15.2563 -15.8748 -16.37
4.36683 40.8347 1.32046e+15 0.116742 2723.33 0.368126 -6.7994 -9.79481 -11.7418 -12.7367 -13.3952 -7.8624 -9.36532 -11.1028 -12.4307 -13.4427 -4.35883 -1.84604 -5.85087 -14.4742 -15.0767 -15.7386 -16.2611
4.7 40.7714 1.32046e+15 0.108466 2625.9 0.317765 -6.22116 -9.36177 -11.4038 -12.4541 -13.1576 -7.29622 -8.9184 -10.732 -12.1256 -13.1791 -3.91514 -1.0738 -5.34153 -14.2694 -14.9012 -15.603 -16.1531
5.05151 40.7104 1.32046e+15 0.100918 2535.34 0.275063 -5.62855 -8.92094 -11.0591 -12.1701 -12.9141 -6.71879 -8.46745 -10.3519 -11.8164 -12.9103 -3.48444 -0.309164 -4.83999 -14.0613 -14.7285 -15.4657 -16.0462
5.42226 40.6519 1.32046e+15 0.0940182 2451.34 0.238721 -5.05417 -8.49353 -10.7228 -11.8929 -12.6768 -6.15571 -8.02736 -9.98359 -11.5136 -12.6475 -3.07125 0.420564 -4.35965 -13.8576 -14.5584 -15.3307 -15.94
5.81377 40.5958 1.32046e+15 0.0876868 2373.4 0.207642 -4.47516 -8.06386 -10.3818 -11.6126 -12.4385 -5.58136 -7.57902 -9.61458 -11.2053 -12.3812 -2.66491 1.13492 -3.88797 -13.6519 -14.3854 -15.1951 -15.8323
6.22885 40.5418 1.32046e+15 0.0818436 2300.81 0.180882 -3.92246 -7.65276 -10.0559 -11.3431 -12.2096 -5.03425 -7.15097 -9.26111 -10.9107 -12.1254 -2.27932 1.81007 -3.43977 -13.4538 -14.2186 -15.0633 -15.7281
6.67063 40.4898 1.32046e+15 0.0764231 2232.9 0.157709 -3.34312 -7.2217 -9.72079 -11.0603 -11.9748 -4.468 -6.70683 -8.89112 -10.6105 -11.8601 -1.89625 2.481 -2.98691 -13.2495 -14.0492 -14.9289 -15.6285
7.142 40.4394 1.32046e+15 0.0713793 2169.17 0.137574 -2.79575 -6.81351 -9.40264 -10.7913 -11.7508 -3.93291 -6.28635 -8.54023 -10.3251 -11.6075 -1.53307 3.11433 -2.55825 -13.0542 -13.8866 -14.799 -15.5314
7.64796 40.3905 1.32046e+15 0.0666571 2108.92 0.119969 -2.22497 -6.39085 -9.06976 -10.5136 -11.5181 -3.37124 -5.84833 -8.1747 -10.0248 -11.3461 -1.16783 3.73635 -2.12772 -12.8531 -13.7182 -14.6664 -15.4283
8.19204 40.3428 1.32046e+15 0.06223 2051.8 0.104559 -1.6651 -5.97654 -8.74199 -10.2409 -11.2886 -2.81923 -5.41828 -7.81546 -9.72852 -11.0892 -0.81253 4.33556 -1.70947 -12.6552 -13.5517 -14.5353 -15.3248
8.77881 40.2961 1.32046e+15 0.0580706 1997.39 0.0910454 -1.11333 -5.56735 -8.41829 -9.97138 -11.061 -2.27507 -4.99474 -7.46131 -9.43702 -10.8349 -0.464802 4.91493 -1.29997 -12.4588 -13.3867 -14.4054 -15.2233
9.41532 40.2501 1.32046e+15 0.0541448 1945.17 0.0791491 -0.527748 -5.13219 -8.07569 -9.68662 -10.8186 -1.69721 -4.548 -7.08785 -9.13298 -10.5655 -0.10677 5.49279 -0.876374 -12.2512 -13.2138 -14.2711 -15.1236
10.1064 40.2046 1.32046e+15 0.0504426 1894.92 0.0686933 0.0386043 -4.71055 -7.74311 -9.40971 -10.5825 -1.13828 -4.11523 -6.72559 -8.83751 -10.3035 0.240652 6.05172 -0.46587 -12.0485 -13.0445 -14.1389 -15.0248
10.8595 40.1595 1.32046e+15 0.0469442 1846.31 0.0594937 0.631253 -4.27015 -7.39456 -9.12156 -10.3398 -0.555276 -3.66362 -6.34715 -8.53067 -10.0324 0.593265 6.60861 -0.0453857 -11.8394 -12.869 -14.003 -14.9204
11.6831 40.1145 1.32046e+15 0.043635 1799.06 0.0514003 1.2415 -3.81705 -7.035 -8.82561 -10.0925 0.0437498 -3.1993 -5.95766 -8.21602 -9.7552 0.949081 7.16273 0.381523 -11.6258 -12.6891 -13.8642 -14.8115
12.5845 40.0694 1.32046e+15 0.0405094 1753.01 0.0442993 1.83903 -3.37266 -6.68176 -8.53434 -9.84868 0.630336 -2.74397 -5.57525 -7.90652 -9.48216 1.29868 7.70557 0.800394 -11.4148 -12.5108 -13.726 -14.7025
13.5761 40.0241 1.32046e+15 0.0375507 1707.87 0.0380638 2.49858 -2.88968 -6.3006 -8.21784 -9.57825 1.27511 -2.24621 -5.16029 -7.57101 -9.18131 1.67266 8.26093 1.24664 -11.1819 -12.319 -13.576 -14.5863
14.6661 39.9785 1.32046e+15 0.0347597 1663.61 0.0326151 3.15783 -2.40716 -5.91961 -7.90077 -9.3063 1.91932 -1.74865 -4.74546 -7.23513 -8.87928 2.04614 8.81113 1.69156 -10.9476 -12.126 -13.4244 -14.4685
15.8649 39.9325 1.32046e+15 0.0321332 1620.18 0.0278718 3.82584 -1.91619 -5.53159 -7.57735 -9.03048 2.57321 -1.24357 -4.32371 -6.89297 -8.57173 2.42316 9.35643 2.1398 -10.7092 -11.928 -13.2694 -14.349
17.1864 39.8861 1.32046e+15 0.0296624 1577.44 0.0237499 4.54855 -1.38013 -5.1083 -7.22405 -8.73552 3.28426 -0.695841 -3.86542 -6.52023 -8.23787 2.82312 9.90416 2.61364 -10.4532 -11.7108 -13.1027 -14.2251
18.6475 39.839 1.32046e+15 0.0273383 1535.27 0.0201736 5.26476 -0.848093 -4.68752 -6.87234 -8.44136 3.98895 -0.15229 -3.41011 -6.14934 -7.90535 3.22087 10.4477 3.08429 -10.1974 -11.4934 -12.9352 -14.0998
20 39.7988 1.32046e+15 0.0254895 1500.14 0.0175371 5.90957 -0.372683 -4.30863 -6.55721 -8.17615 4.62185 0.335034 -3.00127 -5.8195 -7.60879 3.57015 10.9061 3.50452 -9.96737 -11.3005 -12.7856 -13.9868
