0 0.0001 44.939 906658 -13.6575 -13.0875 -12.4716 -12.0516 -11.6775 -14.4275 -13.0875 -12.7275 -12.5575 -12.3675 -14.2777 -13.9777 -13.6118 -9.58767 -9.4718 -9.41767 -9.21767
1 0.000105469 44.9205 881271 -13.6314 -13.0614 -12.4496 -12.0296 -11.6514 -14.4014 -13.0614 -12.7014 -12.5314 -12.3414 -14.3203 -14.0203 -13.6584 -9.63027 -9.51844 -9.46027 -9.26027
2 0.000111238 44.902 856595 -13.6078 -13.0356 -12.4256 -12.0056 -11.6278 -14.3756 -13.0356 -12.6778 -12.5078 -12.3178 -14.366 -14.066 -13.7037 -9.67596 -9.56596 -9.50596 -9.30596
3 0.000117322 44.8835 832610 -13.5861 -13.0098 -12.3998 -11.9798 -11.6061 -14.3498 -13.0098 -12.6561 -12.4861 -12.2961 -14.4138 -14.1138 -13.7475 -9.72382 -9.61382 -9.55382 -9.35382
4 0.000123738 44.865 809297 -13.5635 -12.9839 -12.3739 -11.9539 -11.5835 -14.3239 -12.9839 -12.6335 -12.4635 -12.2739 -14.4592 -14.1592 -13.7896 -9.76956 -9.65923 -9.59956 -9.39956
5 0.000130506 44.8465 786637 -13.538 -12.9625 -12.3525 -11.9325 -11.558 -14.3025 -12.9625 -12.608 -12.438 -12.2525 -14.5042 -14.2042 -13.8386 -9.81865 -9.70417 -9.64865 -9.44865
6 0.000137643 44.828 764611 -13.5119 -12.9404 -12.3304 -11.9104 -11.5319 -14.2804 -12.9404 -12.5819 -12.4119 -12.2304 -14.5466 -14.2466 -13.8851 -9.86507 -9.74656 -9.69507 -9.49507
7 0.000145172 44.8095 743201 -13.4913 -12.9187 -12.3087 -11.8887 -11.5113 -14.2587 -12.9187 -12.5613 -12.3913 -12.2087 -14.5903 -14.2903 -13.9303 -9.91032 -9.79292 -9.74032 -9.54032
8 0.000153111 44.791 722392 -13.4736 -12.8969 -12.2869 -11.8669 -11.4936 -14.2369 -12.8969 -12.5436 -12.3736 -12.1869 -14.6339 -14.3339 -13.9739 -9.95386 -9.84055 -9.78386 -9.58386
9 0.000161485 44.7725 702164 -13.4548 -12.8755 -12.2655 -11.8455 -11.4755 -14.2155 -12.8755 -12.5255 -12.3555 -12.1655 -14.6766 -14.3766 -14.0159 -9.99663 -9.88663 -9.82663 -9.62663
10 0.000170318 44.754 682504 -13.4333 -12.8582 -12.2482 -11.8282 -11.4582 -14.1982 -12.8582 -12.5082 -12.3382 -12.1482 -14.7255 -14.4255 -14.0606 -10.0455 -9.93548 -9.87548 -9.67548
11 0.000179633 44.7355 663393 -13.4112 -12.84 -12.23 -11.81 -11.44 -14.18 -12.84 -12.49 -12.32 -12.13 -14.7717 -14.4717 -14.1028 -10.0917 -9.98167 -9.92167 -9.72167
12 0.000189457 44.717 644818 -13.3955 -12.8255 -12.2155 -11.7955 -11.4225 -14.1655 -12.8255 -12.4725 -12.3025 -12.1155 -14.8169 -14.5169 -14.1499 -10.1369 -10.0269 -9.96986 -9.76986
13 0.000199819 44.6984 626763 -13.3818 -12.8118 -12.2018 -11.7818 -11.4048 -14.1518 -12.8118 -12.4548 -12.2848 -12.1018 -14.8602 -14.5602 -14.1973 -10.1802 -10.0702 -10.0173 -9.81725
14 0.000210748 44.6799 609214 -13.3678 -12.7978 -12.1878 -11.7678 -11.3878 -14.1367 -12.7978 -12.4378 -12.2678 -12.0878 -14.9026 -14.6026 -14.2426 -10.2237 -10.1137 -10.0626 -9.86367
15 0.000222274 44.6614 592156 -13.3545 -12.7845 -12.1745 -11.7545 -11.3745 -14.1194 -12.7845 -12.4245 -12.2545 -12.0745 -14.9471 -14.6471 -14.2871 -10.2723 -10.1623 -10.1071 -9.91229
16 0.000234431 44.6429 575575 -13.3404 -12.7704 -12.1604 -11.7404 -11.3604 -14.1012 -12.7704 -12.4104 -12.2404 -12.0604 -14.9891 -14.6891 -14.3291 -10.3183 -10.2083 -10.1491 -9.95826
17 0.000247253 44.6244 559459 -13.3271 -12.7571 -12.1471 -11.7271 -11.3504 -14.0904 -12.7571 -12.4004 -12.2304 -12.0471 -15.0335 -14.7368 -14.3735 -10.3668 -10.2568 -10.1968 -10.0035
18 0.000260775 44.6059 543794 -13.3133 -12.7433 -12.1333 -11.7133 -11.3407 -14.0807 -12.7433 -12.3907 -12.2207 -12.0333 -15.0766 -14.7839 -14.4166 -10.4139 -10.3039 -10.2439 -10.0466
19 0.000275038 44.5874 528568 -13.3008 -12.7308 -12.1208 -11.7023 -11.3308 -14.0708 -12.7308 -12.3808 -12.2108 -12.0208 -15.1193 -14.8293 -14.4607 -10.4593 -10.3493 -10.2907 -10.0907
20 0.000290081 44.5689 513768 -13.2916 -12.7216 -12.1116 -11.6972 -11.3216 -14.0616 -12.7216 -12.3716 -12.2016 -12.0116 -15.1636 -14.8736 -14.5091 -10.5036 -10.3936 -10.3391 -10.1391
21 0.000305946 44.5504 499382 -13.2814 -12.7114 -12.1014 -11.6909 -11.3114 -14.0514 -12.7114 -12.3614 -12.1914 -12.0014 -15.2053 -14.9153 -14.5548 -10.5453 -10.4353 -10.3848 -10.1848
22 0.000322679 44.5319 485399 -13.276 -12.706 -12.096 -11.686 -11.306 -14.046 -12.706 -12.356 -12.186 -11.996 -15.2537 -14.96 -14.6 -10.5937 -10.4837 -10.43 -10.2337
23 0.000340327 44.5134 471808 -13.2703 -12.7003 -12.0903 -11.6803 -11.3003 -14.0403 -12.7003 -12.3503 -12.1803 -11.9903 -15.3006 -15.0029 -14.6429 -10.6406 -10.5306 -10.4729 -10.2806
24 0.00035894 44.4949 458597 -13.2646 -12.6964 -12.0864 -11.6746 -11.2964 -14.0346 -12.6964 -12.3446 -12.1764 -11.9864 -15.3459 -15.0459 -14.6859 -10.6877 -10.5777 -10.5177 -10.3259
25 0.000378572 44.4764 445756 -13.2594 -12.6953 -12.0853 -11.6694 -11.2953 -14.0294 -12.6953 -12.3394 -12.1753 -11.9853 -15.39 -15.09 -14.73 -10.7359 -10.6259 -10.5659 -10.37
26 0.000399277 44.4579 433275 -13.253 -12.6929 -12.0829 -11.663 -11.2929 -14.023 -12.6929 -12.333 -12.1729 -11.9829 -15.4315 -15.1315 -14.7715 -10.7814 -10.6714 -10.6114 -10.4115
27 0.000421114 44.4394 421143 -13.2563 -12.6923 -12.0823 -11.6663 -11.2923 -14.0263 -12.6923 -12.3363 -12.1723 -11.9863 -15.4765 -15.1765 -14.8165 -10.8265 -10.7165 -10.6606 -10.4606
28 0.000444146 44.4209 409351 -13.2586 -12.6905 -12.0805 -11.6686 -11.2905 -14.0286 -12.6905 -12.3386 -12.1705 -11.9886 -15.5192 -15.2192 -14.8592 -10.8692 -10.7592 -10.7073 -10.5073
29 0.000468438 44.4024 397889 -13.2612 -12.6912 -12.0833 -11.6712 -11.2933 -14.0312 -12.6912 -12.3412 -12.1712 -11.9912 -15.5625 -15.2625 -14.9025 -10.9147 -10.8047 -10.7525 -10.5547
30 0.000494058 44.3839 386748 -13.2641 -12.6941 -12.0903 -11.6741 -11.3003 -14.0341 -12.6941 -12.3441 -12.1741 -11.9941 -15.6064 -15.3064 -14.9464 -10.9626 -10.8526 -10.7964 -10.6026
31 0.000521079 44.3654 375919 -13.2658 -12.696 -12.096 -11.676 -11.306 -14.0358 -12.696 -12.346 -12.176 -11.996 -15.648 -15.348 -14.988 -11.008 -10.898 -10.8383 -10.648
32 0.000549579 44.3469 365393 -13.2693 -12.7037 -12.1037 -11.6837 -11.3137 -14.0393 -12.7037 -12.3537 -12.1837 -12.0037 -15.693 -15.393 -15.033 -11.053 -10.943 -10.8874 -10.693
33 0.000579636 44.3284 355162 -13.2714 -12.7098 -12.1098 -11.6898 -11.3198 -14.0414 -12.7098 -12.3598 -12.1898 -12.0098 -15.7355 -15.4355 -15.0755 -11.0955 -10.9855 -10.9339 -10.7355
34 0.000611338 44.3099 345218 -13.2792 -12.7192 -12.1167 -11.6992 -11.3292 -14.0492 -12.7192 -12.3692 -12.1992 -12.0192 -15.7767 -15.4792 -15.1192 -11.1416 -11.0316 -10.9816 -10.7816
35 0.000644774 44.2914 335552 -13.2901 -12.7301 -12.1236 -11.7101 -11.3401 -14.0601 -12.7301 -12.3801 -12.2101 -12.0301 -15.8162 -15.5228 -15.1628 -11.1893 -11.0793 -11.0293 -10.8293
36 0.000680038 44.2729 326156 -13.3006 -12.74 -12.1306 -11.7206 -11.35 -14.0706 -12.74 -12.39 -12.2206 -12.0406 -15.8547 -15.5647 -15.2047 -11.2347 -11.1253 -11.0747 -10.8753
37 0.000717232 44.2544 317024 -13.3164 -12.7517 -12.1464 -11.7364 -11.3617 -14.0864 -12.7517 -12.4017 -12.2364 -12.0564 -15.8995 -15.6095 -15.2495 -11.2795 -11.1742 -11.1195 -10.9242
38 0.000756459 44.2359 308147 -13.3305 -12.7618 -12.1605 -11.7505 -11.3718 -14.1005 -12.7618 -12.4118 -12.2505 -12.0705 -15.9418 -15.6518 -15.2918 -11.3218 -11.2205 -11.1618 -10.9705
39 0.000797832 44.2174 299519 -13.3458 -12.7786 -12.1786 -11.7658 -11.3886 -14.1158 -12.7786 -12.4286 -12.2658 -12.0858 -15.9857 -15.6957 -15.3357 -11.3686 -11.2657 -11.2086 -11.0157
40 0.000841467 44.1989 291132 -13.3607 -12.7976 -12.1976 -11.7807 -11.4076 -14.1307 -12.7976 -12.4476 -12.2807 -12.1007 -16.0291 -15.7391 -15.3791 -11.4161 -11.3091 -11.2561 -11.0591
41 0.000887489 44.1804 282980 -13.3757 -12.8157 -12.2157 -11.7967 -11.4267 -14.1457 -12.8157 -12.4657 -12.2967 -12.1167 -16.0714 -15.7814 -15.4214 -11.4624 -11.3524 -11.3014 -11.1024
42 0.000936028 44.1619 275057 -13.3955 -12.8355 -12.2355 -11.8206 -11.4506 -14.1655 -12.8355 -12.4855 -12.3206 -12.1406 -16.116 -15.826 -15.466 -11.5111 -11.4011 -11.346 -11.1511
43 0.000987222 44.1434 267355 -13.4135 -12.8535 -12.2535 -11.8426 -11.4726 -14.1835 -12.8535 -12.5035 -12.3426 -12.1626 -16.158 -15.868 -15.508 -11.5571 -11.4471 -11.388 -11.1971
44 0.00104122 44.1249 259869 -13.4363 -12.8763 -12.2763 -11.8663 -11.4963 -14.2063 -12.8763 -12.5263 -12.3663 -12.1863 -16.1991 -15.9123 -15.5523 -11.6023 -11.4923 -11.4355 -11.2423
45 0.00109816 44.1064 252593 -13.4591 -12.8991 -12.2991 -11.8891 -11.5191 -14.2291 -12.8991 -12.5491 -12.3891 -12.2091 -16.2382 -15.9555 -15.5955 -11.6455 -11.5355 -11.4828 -11.2855
46 0.00115822 44.0879 245520 -13.4829 -12.9229 -12.3229 -11.9129 -11.5429 -14.2529 -12.9229 -12.5729 -12.4129 -12.2329 -16.2781 -15.9968 -15.6381 -11.6894 -11.5794 -11.5294 -11.3294
47 0.00122157 44.0694 238646 -13.5107 -12.9507 -12.3507 -11.9407 -11.5707 -14.2807 -12.9507 -12.6007 -12.4407 -12.2607 -16.3224 -16.037 -15.6824 -11.7379 -11.6279 -11.5779 -11.3779
48 0.00128838 44.0509 231963 -13.5365 -12.9765 -12.3765 -11.9665 -11.5965 -14.3065 -12.9765 -12.6265 -12.4665 -12.2865 -16.3642 -16.0748 -15.7242 -11.7837 -11.6737 -11.6237 -11.4237
49 0.00135885 44.0324 225468 -13.5646 -13.0082 -12.4082 -11.9982 -11.6282 -14.3346 -13.0082 -12.6582 -12.4982 -12.3182 -16.4053 -16.1189 -15.7653 -11.8289 -11.7189 -11.6689 -11.4724
50 0.00143317 44.0139 219155 -13.5913 -13.039 -12.439 -12.029 -11.659 -14.3613 -13.039 -12.689 -12.529 -12.349 -16.4442 -16.1618 -15.8042 -11.8718 -11.7618 -11.7118 -11.5194
51 0.00151155 43.9954 213019 -13.6197 -13.0697 -12.4697 -12.0597 -11.6897 -14.3897 -13.0697 -12.7197 -12.5597 -12.3797 -16.4831 -16.2031 -15.8447 -11.9164 -11.8064 -11.7564 -11.5647
52 0.00159422 43.9769 207054 -13.6515 -13.1015 -12.5015 -12.0915 -11.7215 -14.4215 -13.1015 -12.7515 -12.5915 -12.4115 -16.5231 -16.2431 -15.8889 -11.9646 -11.8546 -11.8046 -11.6089
53 0.00168141 43.9584 201257 -13.6811 -13.1311 -12.5311 -12.1211 -11.7511 -14.4511 -13.1311 -12.7811 -12.6211 -12.4411 -16.5607 -16.2807 -15.9305 -12.0102 -11.9002 -11.8502 -11.6505
54 0.00177337 43.9399 195621 -13.7176 -13.1676 -12.5676 -12.1576 -11.7915 -14.4876 -13.1676 -12.8176 -12.6576 -12.4776 -16.6015 -16.3254 -15.9715 -12.0554 -11.9454 -11.8954 -11.6993
55 0.00187036 43.9214 190144 -13.7522 -13.2022 -12.6022 -12.1922 -11.8302 -14.5222 -13.2022 -12.8522 -12.6922 -12.5122 -16.6402 -16.3681 -16.0102 -12.0981 -11.9881 -11.9381 -11.7461
56 0.00197266 43.9029 184820 -13.7873 -13.2373 -12.6393 -12.2293 -11.8673 -14.5573 -13.2373 -12.8893 -12.7293 -12.5493 -16.6793 -16.4093 -16.0514 -12.1414 -12.0334 -11.9834 -11.7914
57 0.00208055 43.8844 179645 -13.823 -13.273 -12.6791 -12.2691 -11.903 -14.593 -13.273 -12.9291 -12.7691 -12.5891 -16.7191 -16.4491 -16.0953 -12.1853 -12.0814 -12.0314 -11.8353
58 0.00219434 43.8659 174615 -13.8567 -13.3067 -12.7167 -12.3067 -11.9367 -14.6267 -13.3067 -12.9667 -12.8067 -12.6267 -16.7567 -16.4867 -16.1367 -12.2269 -12.1268 -12.0768 -11.8769
59 0.00231435 43.8474 169726 -13.8976 -13.3476 -12.7576 -12.3476 -11.9776 -14.6676 -13.3476 -13.0076 -12.8476 -12.6676 -16.7976 -16.5276 -16.1776 -12.2762 -12.1719 -12.1219 -11.9262
60 0.00244093 43.8289 164973 -13.9361 -13.3861 -12.7961 -12.3861 -12.0161 -14.7061 -13.3861 -13.0461 -12.8861 -12.7061 -16.8361 -16.5661 -16.2161 -12.3227 -12.2144 -12.1644 -11.9727
61 0.00257443 43.8104 160354 -13.9732 -13.4256 -12.8356 -12.4256 -12.058 -14.7432 -13.4256 -13.0856 -12.9256 -12.748 -16.8756 -16.6056 -16.2556 -12.368 -12.2604 -12.2104 -12.0204
62 0.00271524 43.7919 155864 -14.0087 -13.4652 -12.8752 -12.4652 -12.1017 -14.7787 -13.4652 -13.1252 -12.9652 -12.7917 -16.9152 -16.6452 -16.2952 -12.4117 -12.3081 -12.2581 -12.0681
63 0.00286374 43.7734 151500 -14.0431 -13.5031 -12.9135 -12.5035 -12.1431 -14.8135 -13.5031 -13.1631 -13.0035 -12.8331 -16.9531 -16.6831 -16.3331 -12.454 -12.3535 -12.3035 -12.1135
64 0.00302037 43.7549 147258 -14.0838 -13.5438 -12.9584 -12.5484 -12.1838 -14.8584 -13.5438 -13.2038 -13.0484 -12.8738 -16.9938 -16.7238 -16.3738 -12.503 -12.3984 -12.3484 -12.1584
65 0.00318556 43.7364 143135 -14.122 -13.582 -13.0007 -12.5907 -12.222 -14.9007 -13.582 -13.242 -13.0907 -12.912 -17.032 -16.762 -16.412 -12.5493 -12.4407 -12.3907 -12.2007
66 0.00335978 43.7179 139127 -14.1646 -13.6246 -13.0418 -12.6346 -12.2646 -14.9418 -13.6218 -13.2846 -13.1318 -12.9546 -17.0691 -16.8018 -16.4518 -12.5946 -12.4873 -12.4373 -12.2473
67 0.00354354 43.6994 135231 -14.208 -13.668 -13.0812 -12.678 -12.308 -14.9812 -13.6612 -13.328 -13.1712 -12.998 -17.1044 -16.8412 -16.4912 -12.638 -12.5349 -12.4849 -12.2949
68 0.00373734 43.6809 131445 -14.2494 -13.7094 -13.1202 -12.7202 -12.3502 -15.0194 -13.7002 -13.3702 -13.2102 -13.0402 -17.1386 -16.8786 -16.5294 -12.6802 -12.5802 -12.5302 -12.3402
69 0.00394175 43.6624 127764 -14.2899 -13.7499 -13.1649 -12.7649 -12.3949 -15.0599 -13.7449 -13.4149 -13.2549 -13.0849 -17.1749 -16.9149 -16.5699 -12.7249 -12.6249 -12.5749 -12.3849
70 0.00415734 43.6439 124187 -14.328 -13.788 -13.2069 -12.8069 -12.4369 -15.098 -13.7869 -13.4569 -13.2969 -13.1269 -17.209 -16.949 -16.608 -12.7669 -12.6669 -12.6169 -12.4269
71 0.00438471 43.6254 120709 -14.3681 -13.8312 -13.2512 -12.8512 -12.4812 -15.1381 -13.8281 -13.4981 -13.3412 -13.1712 -17.245 -16.9881 -16.645 -12.8143 -12.7112 -12.6643 -12.4743
72 0.00462452 43.6069 117330 -14.4072 -13.8744 -13.2944 -12.8944 -12.5244 -15.1772 -13.8672 -13.5372 -13.3844 -13.2144 -17.2801 -17.0272 -16.6801 -12.8616 -12.7544 -12.7116 -12.5216
73 0.00487745 43.5884 114044 -14.4457 -13.9157 -13.3369 -12.9369 -12.5669 -15.2157 -13.9069 -13.5769 -13.4269 -13.2569 -17.3145 -17.0645 -16.7145 -12.9069 -12.7981 -12.7569 -12.5669
74 0.00514421 43.5699 110851 -14.486 -13.956 -13.3813 -12.9813 -12.6113 -15.256 -13.9513 -13.6213 -13.4713 -13.3013 -17.3507 -17.1007 -16.7507 -12.9513 -12.8466 -12.8013 -12.6113
75 0.00542556 43.5514 107747 -14.5239 -13.9939 -13.4232 -13.0232 -12.6532 -15.2939 -13.9932 -13.6632 -13.5132 -13.3432 -17.3845 -17.1345 -16.7845 -12.9932 -12.8925 -12.8432 -12.6532
76 0.0057223 43.5329 104730 -14.5643 -14.0377 -13.4643 -13.0677 -12.7012 -15.3343 -14.0343 -13.7077 -13.5577 -13.3877 -17.4208 -17.1708 -16.8243 -13.0377 -12.9377 -12.8877 -12.7012
77 0.00603527 43.5144 101798 -14.6032 -14.0807 -13.5032 -13.1107 -12.7482 -15.3732 -14.0732 -13.7507 -13.6007 -13.4307 -17.4557 -17.2057 -16.8632 -13.0807 -12.9807 -12.9307 -12.7482
78 0.00636535 43.4959 98947.4 -14.642 -14.122 -13.5436 -13.152 -12.7936 -15.4136 -14.112 -13.792 -13.642 -13.4736 -17.4889 -17.2404 -16.9004 -13.1236 -13.0236 -12.9751 -12.7936
79 0.00671349 43.4774 96176.9 -14.6821 -14.1621 -13.5878 -13.1921 -12.8378 -15.4578 -14.1521 -13.8321 -13.6821 -13.5178 -17.5207 -17.2764 -16.9364 -13.1678 -13.0678 -13.0234 -12.8378
80 0.00708067 43.4589 93483.9 -14.7197 -14.1997 -13.6294 -13.2297 -12.8794 -15.4994 -14.1897 -13.8697 -13.7197 -13.5594 -17.5504 -17.3101 -16.9701 -13.2094 -13.1094 -13.0691 -12.8794
81 0.00746793 43.4404 90866.3 -14.7604 -14.2404 -13.6742 -13.2742 -12.9242 -15.5366 -14.2342 -13.9142 -13.7642 -13.6042 -17.5828 -17.3428 -17.0066 -13.2542 -13.1542 -13.1142 -12.9281
82 0.00787637 43.4219 88322.1 -14.7992 -14.2792 -13.717 -13.317 -12.967 -15.5713 -14.277 -13.957 -13.807 -13.647 -17.6135 -17.3735 -17.0413 -13.297 -13.197 -13.157 -12.9749
83 0.00830715 43.4034 85849 -14.8383 -14.3202 -13.7583 -13.3602 -13.0102 -15.6083 -14.3183 -13.9983 -13.8502 -13.6902 -17.6444 -17.4064 -17.0744 -13.3402 -13.2421 -13.2002 -13.0202
84 0.00876149 43.3849 83445.2 -14.8781 -14.3642 -13.7981 -13.4042 -13.0542 -15.6481 -14.3581 -14.0381 -13.8942 -13.7342 -17.6761 -17.4421 -17.1061 -13.3842 -13.2902 -13.2442 -13.0642
85 0.00924068 43.3664 81108.8 -14.9156 -14.4056 -13.8356 -13.4456 -13.0956 -15.6856 -14.3956 -14.0756 -13.9356 -13.7756 -17.7056 -17.4756 -17.1356 -13.4256 -13.3356 -13.2856 -13.1056
86 0.00974608 43.3479 78837.7 -14.9524 -14.4466 -13.8808 -13.4908 -13.1366 -15.7266 -14.4366 -14.1208 -13.9766 -13.8166 -17.7383 -17.5083 -17.1683 -13.4708 -13.3808 -13.3308 -13.1508
87 0.0102791 43.3294 76630.2 -14.9869 -14.4851 -13.9233 -13.5333 -13.1751 -15.7651 -14.4751 -14.1633 -14.0151 -13.8551 -17.7687 -17.5387 -17.1987 -13.5133 -13.4233 -13.3733 -13.1933
88 0.0108413 43.3109 74484.6 -15.0245 -14.5245 -13.9645 -13.5768 -13.2168 -15.8023 -14.5145 -14.2045 -14.0568 -13.8968 -17.7977 -17.57 -17.2323 -13.5568 -13.4668 -13.4191 -13.2391
89 0.0114343 43.2924 72399 -15.0642 -14.5642 -14.0042 -13.6206 -13.2606 -15.8378 -14.5542 -14.2442 -14.1006 -13.9406 -17.8251 -17.6015 -17.2678 -13.6006 -13.5106 -13.4669 -13.2869
90 0.0120596 43.2739 70371.8 -15.1016 -14.602 -14.0423 -13.662 -13.3023 -15.872 -14.592 -14.282 -14.142 -13.9823 -17.8509 -17.6309 -17.3009 -13.6423 -13.5523 -13.5123 -13.3323
91 0.0127192 43.2554 68401.4 -15.1382 -14.6427 -14.0873 -13.7027 -13.3473 -15.9127 -14.6327 -14.3227 -14.1827 -14.0273 -17.8792 -17.6592 -17.3292 -13.6873 -13.5973 -13.5573 -13.3773
92 0.0134148 43.2369 66486.1 -15.1725 -14.6811 -14.1296 -13.7411 -13.3896 -15.9511 -14.6711 -14.3611 -14.2211 -14.0696 -17.9055 -17.6855 -17.3555 -13.7296 -13.6396 -13.5996 -13.4196
93 0.0141485 43.2184 64624.5 -15.2081 -14.7181 -14.1708 -13.7834 -13.4334 -15.9881 -14.7081 -14.4008 -14.2634 -14.1108 -17.9302 -17.7129 -17.3855 -13.7734 -13.6834 -13.6434 -13.4634
94 0.0149224 43.1999 62815 -15.2435 -14.7535 -14.2102 -13.8269 -13.4769 -16.0235 -14.7435 -14.4402 -14.3069 -14.1502 -17.9534 -17.7401 -17.4168 -13.8169 -13.7269 -13.6869 -13.5069
95 0.0157385 43.1814 61056.2 -15.2776 -14.7883 -14.2483 -13.8683 -13.5183 -16.0576 -14.7783 -14.4783 -14.3483 -14.189 -17.9754 -17.7661 -17.4461 -13.859 -13.769 -13.729 -13.5498
96 0.0165993 43.1629 59346.6 -15.314 -14.8289 -14.2889 -13.9089 -13.5589 -16.094 -14.8189 -14.5189 -14.3889 -14.2337 -17.9994 -17.7943 -17.4743 -13.9037 -13.8137 -13.7737 -13.5986
97 0.0175071 43.1444 57684.9 -15.3481 -14.867 -14.327 -13.947 -13.597 -16.1281 -14.857 -14.557 -14.427 -14.2759 -18.0215 -17.8204 -17.5004 -13.9459 -13.8559 -13.8159 -13.6448
98 0.0184647 43.1259 56069.7 -15.381 -14.904 -14.367 -13.987 -13.64 -16.161 -14.894 -14.597 -14.467 -14.317 -18.045 -17.845 -17.528 -13.99 -13.9 -13.86 -13.69
99 0.0194745 43.1074 54499.7 -15.4121 -14.9392 -14.4062 -14.0262 -13.6833 -16.1921 -14.9292 -14.6362 -14.5062 -14.3562 -18.068 -17.868 -17.5551 -14.0333 -13.9433 -13.9033 -13.7333
100 0.0205396 43.0889 52973.7 -15.4435 -14.9735 -14.4446 -14.0657 -13.7246 -16.2235 -14.9635 -14.6746 -14.5446 -14.3957 -18.0892 -17.8903 -17.5803 -14.0746 -13.9857 -13.9457 -13.7757
101 0.021663 43.0704 51490.4 -15.4798 -15.0098 -14.485 -14.1102 -13.765 -16.2598 -14.9998 -14.715 -14.585 -14.4402 -18.1089 -17.9141 -17.6041 -14.115 -14.0302 -13.9902 -13.8202
102 0.0228478 43.0519 50048.7 -15.5137 -15.0437 -14.5229 -14.1521 -13.8029 -16.2937 -15.0337 -14.7529 -14.6229 -14.4821 -18.1268 -17.936 -17.626 -14.1529 -14.0721 -14.0321 -13.8621
103 0.0240974 43.0334 48647.3 -15.5465 -15.0799 -14.5632 -14.1932 -13.8466 -16.3265 -15.0699 -14.7899 -14.6632 -14.5232 -18.1431 -17.9598 -17.6498 -14.1966 -14.1132 -14.0766 -13.9066
104 0.0254154 43.0149 47285.2 -15.5774 -15.1148 -14.6022 -14.2322 -13.8896 -16.3574 -15.1048 -14.8248 -14.7022 -14.5622 -18.1578 -17.9826 -17.6726 -14.2396 -14.1522 -14.1196 -13.9496
105 0.0268054 42.9964 45961.2 -15.6066 -15.1495 -14.6395 -14.2709 -13.9309 -16.388 -15.138 -14.8595 -14.7409 -14.6009 -18.1722 -18.0022 -17.6937 -14.2809 -14.1924 -14.1624 -13.9924
106 0.0282715 42.9779 44674.3 -15.6344 -15.1855 -14.6755 -14.3111 -13.9711 -16.4199 -15.1699 -14.8955 -14.7811 -14.6411 -18.1877 -18.0177 -17.7132 -14.3211 -14.2366 -14.2066 -14.0366
107 0.0298177 42.9594 43423.4 -15.6601 -15.2192 -14.7092 -14.3488 -14.0088 -16.4497 -15.1997 -14.9292 -14.8188 -14.6788 -18.2014 -18.0314 -17.731 -14.3588 -14.2784 -14.2484 -14.0784
108 0.0314485 42.9409 42207.5 -15.692 -15.2557 -14.7494 -14.3894 -14.0494 -16.4783 -15.2357 -14.9657 -14.8557 -14.7194 -18.2135 -18.0509 -17.7509 -14.4031 -14.3231 -14.2931 -14.1268
109 0.0331685 42.9224 41025.7 -15.7227 -15.2905 -14.7882 -14.4282 -14.0882 -16.505 -15.2705 -15.0005 -14.8905 -14.7582 -18.2239 -18.0695 -17.7695 -14.446 -14.366 -14.336 -14.1737
110 0.0349826 42.9039 39877 -15.7518 -15.3236 -14.8254 -14.4654 -14.1272 -16.5318 -15.3036 -15.0354 -14.9254 -14.7972 -18.2327 -18.0845 -17.7863 -14.4872 -14.4072 -14.379 -14.219
111 0.0368959 42.8854 38760.4 -15.7794 -15.3553 -14.8612 -14.5012 -14.1671 -16.5594 -15.3353 -15.0712 -14.9612 -14.8371 -18.2398 -18.0957 -17.8016 -14.5271 -14.4471 -14.4231 -14.2631
112 0.0389138 42.8669 37675.1 -15.8049 -15.3849 -14.8948 -14.5348 -14.2047 -16.5849 -15.3649 -15.1048 -14.9948 -14.8747 -18.2454 -18.1053 -17.8152 -14.5647 -14.4847 -14.4646 -14.3046
113 0.0410421 42.8484 36620.2 -15.8334 -15.4175 -14.9315 -14.5756 -14.2456 -16.6134 -15.3975 -15.1415 -15.0356 -14.9115 -18.2491 -18.1172 -17.8312 -14.6056 -14.5296 -14.5056 -14.3496
114 0.0432868 42.8299 35594.8 -15.8599 -15.448 -14.9661 -14.6142 -14.2842 -16.6399 -15.428 -15.1761 -15.0742 -14.9461 -18.2513 -18.1275 -17.8456 -14.6442 -14.5723 -14.5442 -14.3923
115 0.0456543 42.8114 34598.1 -15.8848 -15.477 -15.0013 -14.6513 -14.3235 -16.6648 -15.457 -15.2091 -15.1113 -14.9835 -18.2539 -18.1361 -17.8583 -14.6835 -14.6135 -14.5857 -14.4357
116 0.0481513 42.7929 33629.4 -15.9081 -15.5044 -15.0369 -14.6869 -14.3632 -16.6881 -15.4844 -15.2407 -15.1469 -15.0232 -18.2568 -18.1431 -17.8693 -14.7232 -14.6532 -14.6295 -14.4795
117 0.0507848 42.7744 32687.8 -15.9298 -15.5304 -15.0704 -14.7206 -14.4009 -16.7098 -15.5101 -15.2704 -15.1804 -15.0606 -18.2583 -18.1488 -17.8788 -14.7609 -14.6909 -14.6709 -14.5209
118 0.0535624 42.7559 31772.5 -15.9541 -15.5629 -15.1029 -14.7573 -14.4417 -16.7341 -15.5385 -15.3029 -15.2129 -15.0973 -18.2576 -18.1565 -17.8865 -14.8017 -14.7317 -14.7117 -14.5617
119 0.0564918 42.7374 30882.9 -15.9764 -15.5932 -15.1332 -14.7917 -14.4801 -16.7564 -15.5648 -15.3332 -15.2432 -15.1317 -18.2557 -18.1626 -17.8926 -14.8401 -14.7701 -14.7501 -14.6001
120 0.0595815 42.7189 30018.1 -15.9971 -15.6221 -15.1647 -14.8272 -14.5172 -16.7796 -15.5921 -15.3647 -15.2772 -15.1672 -18.2494 -18.1644 -17.8995 -14.8797 -14.8097 -14.7923 -14.6423
121 0.0628402 42.7004 29177.6 -16.0162 -15.6494 -15.196 -14.8626 -14.5526 -16.8028 -15.6194 -15.396 -15.3126 -15.2026 -18.2399 -18.1631 -17.9063 -14.9192 -14.8492 -14.8359 -14.6859
122 0.0662771 42.6819 28360.6 -16.0341 -15.6747 -15.2266 -14.8966 -14.5866 -16.8241 -15.6447 -15.426 -15.346 -15.2366 -18.2297 -18.1604 -17.911 -14.9572 -14.8872 -14.8772 -14.7279
123 0.069902 42.6634 27566.5 -16.0541 -15.6988 -15.2631 -14.9331 -14.6231 -16.8441 -15.6688 -15.4583 -15.3783 -15.2731 -18.2207 -18.1555 -17.9102 -14.9979 -14.9279 -14.9179 -14.7726
124 0.0737251 42.6449 26794.7 -16.0721 -15.7209 -15.2973 -14.9673 -14.6573 -16.8621 -15.6909 -15.4885 -15.4085 -15.3073 -18.2107 -18.1494 -17.9082 -15.036 -14.966 -14.956 -14.8148
125 0.0777573 42.6264 26044.4 -16.0886 -15.7444 -15.3273 -15.0002 -14.6931 -16.8786 -15.7144 -15.5173 -15.4402 -15.3431 -18.1956 -18.1442 -17.9071 -15.0731 -15.006 -14.996 -14.8588
126 0.0820101 42.6079 25315.2 -16.1035 -15.7674 -15.3544 -15.0313 -14.7283 -16.8935 -15.7374 -15.5444 -15.4713 -15.3783 -18.1778 -18.1387 -17.9057 -15.1083 -15.0453 -15.0353 -14.9022
127 0.0864954 42.5894 24606.3 -16.1167 -15.7896 -15.3816 -15.0626 -14.7626 -16.9076 -15.7596 -15.5706 -15.5016 -15.4116 -18.1588 -18.1307 -17.9027 -15.1426 -15.0836 -15.0745 -14.9436
128 0.0912261 42.5709 23917.4 -16.1282 -15.8135 -15.4137 -15.0989 -14.7989 -16.9233 -15.7835 -15.5986 -15.5337 -15.4437 -18.1373 -18.1175 -17.8977 -15.1789 -15.124 -15.1191 -14.984
129 0.0962155 42.5524 23247.7 -16.1381 -15.8355 -15.4437 -15.1328 -14.8328 -16.9372 -15.8055 -15.6246 -15.5637 -15.4737 -18.1151 -18.1034 -17.8916 -15.2128 -15.162 -15.1611 -15.022
130 0.101478 42.5339 22596.7 -16.1495 -15.856 -15.4724 -15.1657 -14.8689 -16.9495 -15.826 -15.6492 -15.5924 -15.5089 -18.0871 -18.0868 -17.88 -15.2522 -15.1989 -15.2022 -15.0654
131 0.107028 42.5154 21964 -16.1601 -15.8747 -15.4993 -15.1966 -14.9039 -16.9601 -15.8447 -15.672 -15.6193 -15.5439 -18.0571 -18.069 -17.8663 -15.2913 -15.2339 -15.2413 -15.1086
132 0.112882 42.4969 21349 -16.1691 -15.8931 -15.5245 -15.2258 -14.9372 -16.9691 -15.8618 -15.6945 -15.6458 -15.5772 -18.0256 -18.0483 -17.851 -15.3272 -15.2699 -15.2785 -15.1499
133 0.119055 42.4784 20751.2 -16.1764 -15.9127 -15.5482 -15.2537 -14.9691 -16.9764 -15.8773 -15.7182 -15.6737 -15.6091 -17.9917 -18.0227 -17.8336 -15.3591 -15.3101 -15.3146 -15.1901
134 0.125567 42.4599 20170.2 -16.1821 -15.9305 -15.57 -15.2794 -14.9989 -16.9821 -15.8911 -15.74 -15.6994 -15.6389 -17.9575 -17.9964 -17.8153 -15.3889 -15.3478 -15.3484 -15.2278
135 0.132434 42.4414 19605.4 -16.186 -15.9468 -15.594 -15.3112 -15.0312 -16.9896 -15.9032 -15.764 -15.7276 -15.6676 -17.9164 -17.9672 -17.798 -15.4248 -15.3848 -15.3884 -15.272
136 0.139677 42.4229 19056.5 -16.1884 -15.9613 -15.6166 -15.3419 -15.0619 -16.996 -15.9137 -15.7866 -15.7543 -15.6943 -17.8743 -17.9372 -17.7801 -15.4596 -15.4196 -15.4272 -15.3149
137 0.147317 42.4044 18522.9 -16.1908 -15.9742 -15.6393 -15.371 -15.0927 -16.9991 -15.9242 -15.8076 -15.7793 -15.7227 -17.8286 -17.9038 -17.7572 -15.4944 -15.4544 -15.4662 -15.3562
138 0.155374 42.3859 18004.2 -16.1938 -15.9855 -15.6629 -15.3987 -15.1245 -16.998 -15.9355 -15.8271 -15.8029 -15.7545 -17.7783 -17.8657 -17.7273 -15.5303 -15.4903 -15.5061 -15.3961
139 0.163872 42.3674 17500.1 -16.1955 -15.9951 -15.6845 -15.4243 -15.1541 -16.9957 -15.9451 -15.8447 -15.8245 -15.7841 -17.728 -17.8275 -17.6971 -15.5639 -15.5239 -15.5437 -15.4337
140 0.172834 42.3489 17010.1 -16.1911 -16.0069 -15.7048 -15.4487 -15.1866 -16.995 -15.9569 -15.8608 -15.8448 -15.8087 -17.6737 -17.7855 -17.6634 -15.5966 -15.5606 -15.5806 -15.4745
141 0.182287 42.3304 16533.8 -16.1853 -16.0173 -15.7232 -15.4712 -15.2172 -16.9933 -15.9673 -15.8752 -15.8632 -15.8312 -17.6194 -17.7433 -17.6293 -15.6272 -15.5952 -15.6152 -15.5132
142 0.192257 42.3119 16070.9 -16.1777 -16.0259 -15.7421 -15.4942 -15.2462 -16.9877 -15.9738 -15.89 -15.8842 -15.8562 -17.5588 -17.697 -17.5932 -15.6583 -15.6283 -15.6504 -15.5524
143 0.202772 42.2934 15620.9 -16.1683 -16.0329 -15.7614 -15.5176 -15.2737 -16.9783 -15.9768 -15.9052 -15.9076 -15.8837 -17.492 -17.6467 -17.5552 -15.6899 -15.6599 -15.686 -15.5922
144 0.213862 42.2749 15183.5 -16.1578 -16.0384 -15.7789 -15.5392 -15.2992 -16.9678 -15.9783 -15.9187 -15.9289 -15.9092 -17.4255 -17.596 -17.5166 -15.7193 -15.6896 -15.7196 -15.6298
145 0.225559 42.2564 14758.4 -16.1448 -16.042 -15.7949 -15.5635 -15.3235 -16.9548 -15.9777 -15.9306 -15.9449 -15.9335 -17.3502 -17.5331 -17.4703 -15.7478 -15.7264 -15.7564 -15.6707
146 0.237895 42.2379 14345.1 -16.1308 -16.0441 -15.8091 -15.5858 -15.3458 -16.9408 -15.9758 -15.9408 -15.9591 -15.9558 -17.2757 -17.4707 -17.4241 -15.7741 -15.7608 -15.7908 -15.7091
147 0.250906 42.2194 13943.5 -16.1124 -16.0445 -15.8241 -15.6066 -15.3714 -16.9248 -15.9745 -15.9493 -15.9741 -15.979 -17.196 -17.4033 -17.373 -15.8014 -15.7938 -15.8262 -15.7462
148 0.264629 42.2008 13553 -16.0906 -16.0432 -15.8392 -15.6257 -15.3987 -16.9071 -15.9732 -15.9562 -15.9892 -16.0022 -17.113 -17.3325 -17.3186 -15.8287 -15.8252 -15.8617 -15.7817
149 0.279102 42.1823 13173.5 -16.0679 -16.0405 -15.852 -15.6436 -15.4241 -16.8884 -15.97 -15.9615 -16.003 -16.0236 -17.0291 -17.2612 -17.2633 -15.8546 -15.8551 -15.8956 -15.8161
150 0.294367 42.1638 12804.7 -16.0424 -16.0356 -15.8596 -15.6636 -15.4482 -16.867 -15.961 -15.9649 -16.0189 -16.0436 -16.9332 -17.1818 -17.2005 -15.8829 -15.8875 -15.9322 -15.8568
151 0.310467 42.1453 12446.1 -16.0162 -16.0296 -15.8657 -15.6817 -15.4704 -16.8449 -15.9509 -15.967 -16.033 -16.0617 -16.8387 -17.1034 -17.1381 -15.9091 -15.9177 -15.9664 -15.8951
152 0.327447 42.1268 12097.7 -15.9877 -16.0216 -15.8727 -15.6982 -15.491 -16.8177 -15.9388 -15.9699 -16.0427 -16.0782 -16.7377 -17.016 -17.0699 -15.9366 -15.9466 -15.9994 -15.9321
153 0.345356 42.1083 11758.9 -15.9577 -16.012 -15.8794 -15.7131 -15.51 -16.7877 -15.9252 -15.9726 -16.0494 -16.0931 -16.6343 -16.9249 -16.9992 -15.9637 -15.9737 -16.0306 -15.9674
154 0.364245 42.0898 11429.7 -15.9258 -16.0002 -15.8846 -15.7263 -15.5281 -16.7558 -15.9102 -15.9737 -16.0555 -16.1072 -16.5283 -16.8327 -16.9262 -15.989 -15.9998 -16.0607 -16.0025
155 0.384166 42.0713 11109.6 -15.8878 -15.9829 -15.8879 -15.7379 -15.5479 -16.7178 -15.8929 -15.9729 -16.0629 -16.1229 -16.4077 -16.7327 -16.8428 -16.0129 -16.0279 -16.0929 -16.043
156 0.405177 42.0528 10798.6 -15.8496 -15.9647 -15.8898 -15.7479 -15.5659 -16.6796 -15.8747 -15.9708 -16.0688 -16.1369 -16.2892 -16.6343 -16.7604 -16.0349 -16.0539 -16.123 -16.081
157 0.427337 42.0343 10496.2 -15.8053 -15.9473 -15.8898 -15.7561 -15.5823 -16.6384 -15.8541 -15.9635 -16.0729 -16.1492 -16.1626 -16.522 -16.6708 -16.0555 -16.0817 -16.1549 -16.118
158 0.45071 42.0158 10202.3 -15.7591 -15.9295 -15.8883 -15.7627 -15.5971 -16.5963 -15.8323 -15.9539 -16.0755 -16.1599 -16.035 -16.4066 -16.5799 -16.0743 -16.1087 -16.1859 -16.1531
159 0.47536 41.9973 9916.64 -15.7103 -15.909 -15.8852 -15.7689 -15.6114 -16.5503 -15.8078 -15.9427 -16.0764 -16.1701 -15.9044 -16.2893 -16.4867 -16.0926 -16.1338 -16.2151 -16.1863
160 0.501359 41.9788 9638.97 -15.6558 -15.8833 -15.8801 -15.7762 -15.6269 -16.4958 -15.778 -15.9294 -16.0755 -16.1815 -15.7634 -16.1648 -16.3869 -16.1123 -16.1576 -16.243 -16.2183
161 0.52878 41.9603 9369.07 -15.6016 -15.8571 -15.8739 -15.782 -15.6407 -16.4416 -15.7477 -15.9152 -16.0733 -16.1914 -15.625 -16.0424 -16.2886 -16.1301 -16.1794 -16.2688 -16.2482
162 0.5577 41.9418 9106.74 -15.5366 -15.8245 -15.8655 -15.7859 -15.6529 -16.3836 -15.711 -15.8985 -16.0689 -16.1959 -15.4733 -15.9038 -16.1782 -16.1464 -16.2034 -16.2968 -16.2838
163 0.588202 41.9233 8851.75 -15.4701 -15.7904 -15.8557 -15.7883 -15.6634 -16.3252 -15.6729 -15.8806 -16.0633 -16.1983 -15.3216 -15.7642 -16.0671 -16.161 -16.2261 -16.3236 -16.3187
164 0.620372 41.9048 8603.9 -15.402 -15.7547 -15.8443 -15.7891 -15.6723 -16.262 -15.6331 -15.8611 -16.0559 -16.2007 -15.1636 -15.6184 -15.9512 -16.1755 -16.2471 -16.3503 -16.3519
165 0.654302 41.8863 8362.98 -15.3311 -15.7167 -15.8309 -15.7881 -15.6795 -16.1911 -15.591 -15.8395 -16.0467 -16.2038 -14.9941 -15.4612 -15.8269 -16.1909 -16.2666 -16.378 -16.3837
166 0.690088 41.8678 8128.82 -15.2608 -15.6784 -15.8167 -15.7858 -15.6852 -16.1208 -15.5487 -15.8173 -16.0364 -16.2055 -14.828 -15.3071 -15.7047 -16.2046 -16.2843 -16.4037 -16.4134
167 0.727831 41.8493 7901.21 -15.1782 -15.629 -15.7997 -15.7812 -15.6889 -16.0421 -15.499 -15.7882 -16.0235 -16.2051 -14.646 -15.1375 -15.5683 -16.2166 -16.3043 -16.4281 -16.4458
168 0.767637 41.8308 7679.98 -15.0955 -15.5787 -15.7818 -15.7754 -15.6912 -15.9634 -15.4487 -15.7581 -16.0097 -16.2033 -14.4662 -14.9699 -15.433 -16.227 -16.3228 -16.4507 -16.4764
169 0.809622 41.8123 7464.94 -15.0068 -15.5264 -15.7601 -15.7659 -15.6937 -15.8788 -15.3925 -15.7262 -15.992 -16.1998 -14.278 -14.7919 -15.2895 -16.2377 -16.3396 -16.4735 -16.5074
170 0.853902 41.7938 7255.92 -14.9114 -15.4719 -15.7343 -15.7525 -15.6967 -15.7874 -15.3298 -15.6922 -15.9704 -16.1946 -14.08 -14.6021 -15.1366 -16.2488 -16.3549 -16.497 -16.5391
171 0.900604 41.7753 7052.75 -14.8171 -15.4176 -15.7079 -15.7381 -15.6982 -15.6972 -15.2676 -15.6578 -15.948 -16.1881 -13.8861 -14.4161 -14.9866 -16.2583 -16.3684 -16.5185 -16.5686
172 0.949861 41.7568 6855.27 -14.7086 -15.3547 -15.6741 -15.7251 -15.6935 -15.5928 -15.2006 -15.6115 -15.9225 -16.1751 -13.6737 -14.2079 -14.824 -16.2619 -16.3803 -16.5387 -16.5971
173 1.00181 41.7383 6663.32 -14.6018 -15.2924 -15.64 -15.7111 -15.6876 -15.49 -15.1341 -15.5653 -15.8964 -16.1611 -13.466 -14.0042 -14.6648 -16.2641 -16.3905 -16.557 -16.6235
174 1.0566 41.7198 6476.75 -14.4874 -15.2228 -15.6037 -15.6929 -15.6798 -15.3797 -15.0582 -15.5167 -15.8683 -16.1452 -13.2496 -13.7873 -14.495 -16.2668 -16.4014 -16.576 -16.6507
175 1.11439 41.7013 6295.4 -14.3675 -15.148 -15.5656 -15.6712 -15.6704 -15.2639 -14.9752 -15.4664 -15.8384 -16.1276 -13.0275 -13.5611 -14.3179 -16.2696 -16.4124 -16.5952 -16.678
176 1.17534 41.6828 6119.12 -14.248 -15.0729 -15.5261 -15.6486 -15.6598 -15.1484 -14.8925 -15.4153 -15.8069 -16.109 -12.8079 -13.3371 -14.1419 -16.2706 -16.4218 -16.6126 -16.7038
177 1.23962 41.6643 5947.79 -14.1147 -14.9893 -15.4757 -15.623 -15.6467 -15.0193 -14.8048 -15.3566 -15.7648 -16.0876 -12.571 -13.0919 -13.9465 -16.2658 -16.4294 -16.6285 -16.7322
178 1.30742 41.6458 5781.25 -13.9839 -14.9068 -15.4254 -15.5969 -15.6326 -14.8925 -14.7183 -15.2983 -15.7226 -16.0655 -12.3395 -12.8523 -13.7553 -16.2598 -16.4355 -16.6427 -16.7584
179 1.37893 41.6273 5619.37 -13.841 -14.8157 -15.3724 -15.5658 -15.6165 -14.7537 -14.6204 -15.2317 -15.6778 -16.0411 -12.0942 -12.5935 -13.5536 -16.2545 -16.4398 -16.6578 -16.7832
180 1.45434 41.6088 5462.03 -13.6928 -14.7205 -15.318 -15.5318 -15.5988 -14.6095 -14.517 -15.161 -15.6315 -16.0153 -11.844 -12.327 -13.3482 -16.249 -16.4425 -16.6728 -16.8063
181 1.53389 41.5903 5309.09 -13.543 -14.6245 -15.2622 -15.496 -15.5791 -14.4638 -14.413 -15.0891 -15.5837 -15.9876 -11.5954 -12.06 -13.1423 -16.2414 -16.4437 -16.686 -16.8283
182 1.61778 41.5718 5160.44 -13.3769 -14.5204 -15.1994 -15.4539 -15.5535 -14.3018 -14.3006 -15.0098 -15.5292 -15.9537 -11.3342 -11.7699 -12.9183 -16.2282 -16.4429 -16.6976 -16.8523
183 1.70626 41.5533 5015.94 -13.2142 -14.4179 -15.1371 -15.4117 -15.5274 -14.1431 -14.1901 -14.9314 -15.4749 -15.9195 -11.0791 -11.4866 -12.6993 -16.2141 -16.4409 -16.7076 -16.8744
184 1.79958 41.5348 4875.5 -13.0366 -14.302 -15.0653 -15.3635 -15.4986 -13.9697 -14.066 -14.8432 -15.4144 -15.8795 -10.8101 -11.1798 -12.4643 -16.1977 -16.4368 -16.7159 -16.8949
185 1.898 41.5163 4738.98 -12.8561 -14.1825 -14.9906 -15.3132 -15.4686 -13.7932 -13.9383 -14.7522 -15.3519 -15.8374 -10.5399 -10.869 -12.2267 -16.1799 -16.4312 -16.7225 -16.9138
186 2.00181 41.4978 4606.29 -12.6722 -14.0603 -14.9127 -15.2606 -15.4363 -13.6134 -13.808 -14.6593 -15.2872 -15.7929 -10.2708 -10.5539 -11.9876 -16.1608 -16.4242 -16.7287 -16.9309
187 2.11129 41.4793 4477.31 -12.4734 -13.9275 -14.8252 -15.202 -15.3983 -13.4187 -13.667 -14.5595 -15.2162 -15.7425 -9.99363 -10.2148 -11.7351 -16.1393 -16.415 -16.736 -16.9465
188 2.22677 41.4608 4351.94 -12.2789 -13.797 -14.7389 -15.1437 -15.36 -13.2281 -13.5285 -14.4611 -15.1459 -15.6922 -9.72294 -9.88404 -11.4885 -16.1171 -16.4048 -16.7419 -16.9604
189 2.34855 41.4423 4230.09 -12.0598 -13.6507 -14.6447 -15.0783 -15.3186 -13.0166 -13.3773 -14.3477 -15.0648 -15.6351 -9.43905 -9.52478 -11.226 -16.0888 -16.3923 -16.7425 -16.976
190 2.477 41.4238 4111.65 -11.839 -13.503 -14.5497 -15.0118 -15.2764 -12.8039 -13.2255 -14.2325 -14.982 -15.5767 -9.15737 -9.16597 -10.9646 -16.0588 -16.3785 -16.7409 -16.9906
191 2.61248 41.4053 3996.52 -11.6128 -13.3511 -14.4504 -14.9423 -15.2298 -12.5843 -13.0666 -14.1145 -14.8949 -15.5138 -8.87646 -8.79777 -10.6979 -16.0272 -16.3632 -16.7391 -17.0051
192 2.75536 41.3868 3884.62 -11.3733 -13.1897 -14.3425 -14.8673 -15.1753 -12.3489 -12.8929 -13.9901 -14.7993 -15.4429 -8.59168 -8.40607 -10.4173 -15.9933 -16.3457 -16.7381 -17.0205
193 2.90606 41.3683 3775.84 -11.1391 -13.0315 -14.2363 -14.7931 -15.121 -12.1187 -12.7227 -13.8679 -14.7051 -15.3727 -8.31357 -8.02403 -10.1432 -15.959 -16.3274 -16.7358 -17.0342
194 3.065 41.3498 3670.12 -10.876 -12.8544 -14.1167 -14.7066 -15.059 -11.8635 -12.537 -13.7243 -14.6017 -15.2978 -8.03105 -7.60403 -9.85358 -15.914 -16.3027 -16.7276 -17.0426
195 3.23263 41.3313 3567.36 -10.6151 -12.6786 -13.9976 -14.6199 -14.9966 -11.6106 -12.353 -13.5809 -14.4987 -15.2232 -7.75391 -7.18917 -9.56834 -15.8677 -16.2767 -16.7178 -17.049
196 3.40944 41.3128 3467.47 -10.3443 -12.4931 -13.8727 -14.5275 -14.9304 -11.3462 -12.1594 -13.4316 -14.3901 -15.1412 -7.47618 -6.76043 -9.27694 -15.8196 -16.247 -16.7063 -17.0555
197 3.5959 41.2943 3370.38 -10.0602 -12.2951 -13.7403 -14.4279 -14.8595 -11.0661 -11.9532 -13.2746 -14.2741 -15.0498 -7.19613 -6.31221 -8.97638 -15.7693 -16.2131 -16.6928 -17.0626
198 3.79258 41.2758 3276.01 -9.78268 -12.1013 -13.6103 -14.3298 -14.7894 -10.7926 -11.7515 -13.1207 -14.1601 -14.9597 -6.92262 -5.87523 -8.68294 -15.719 -16.1788 -16.6785 -17.0682
199 4 41.2573 3184.28 -9.4669 -11.8851 -13.4564 -14.2214 -14.7059 -10.4851 -11.5228 -12.95 -14.0268 -14.8596 -6.6478 -5.39331 -8.37099 -15.6564 -16.1409 -16.6655 -17.0718
