1 21.730542480741892 21.141980251219504 21.580542480741894 20.9919802512195 20.93054248074188 20.49198025121949
2 22.18054248074191 21.541980251219517 22.030542480741904 21.39198025121951 21.330542480741894 20.891980251219504
3 22.430542480741916 21.791980251219524 22.280542480741918 21.641980251219525 21.580542480741908 21.14198025121952
4 22.58054248074193 21.941980251219537 22.430542480741924 21.79198025121953 21.730542480741914 21.291980251219524
5 22.730542480741935 22.091980251219542 22.580542480741936 21.89198025121954 21.880542480741926 21.391980251219533
6 22.830542480741943 22.19198025121955 22.680542480741945 21.991980251219548 21.980542480741935 21.541980251219545
7 22.930542480741952 22.29198025121956 22.780542480741953 22.091980251219557 22.080542480741943 21.59198025121955
8 22.980542480741963 22.34198025121957 22.830542480741958 22.191980251219565 22.180542480741952 21.691980251219558
9 23.080542480741972 22.391980251219575 22.930542480741966 22.241980251219577 22.230542480741956 21.74198025121957
10 23.130542480741976 22.491980251219584 22.980542480741978 22.29198025121958 22.280542480741968 21.791980251219574
11 23.180542480741988 22.541980251219595 23.030542480741982 22.341980251219592 22.330542480741972 21.841980251219585
12 23.230542480741992 22.5919802512196 23.080542480741993 22.391980251219596 22.380542480741983 21.89198025121959
13 23.280542480742003 22.64198025121961 23.130542480741997 22.441980251219608 22.430542480741988 21.9419802512196
14 23.330542480742007 22.641980251219618 23.18054248074201 22.491980251219612 22.480542480742 21.991980251219605
15 23.38054248074202 22.691980251219622 23.180542480742016 22.541980251219623 22.530542480742003 22.041980251219616
