  3.8281441861E+004  4.7910119269E+013
  3.8311251914E+004  4.7912583475E+013
  3.8341217828E+004  4.7918655115E+013
  3.8371465420E+004  4.7930335862E+013
  3.8401073709E+004  4.7937912326E+013
  3.8431161950E+004  4.7938519272E+013
  3.8461788303E+004  4.7939334830E+013
  3.8491057878E+004  4.7938765067E+013
  3.8520973608E+004  4.7938275872E+013
  3.8551534406E+004  4.7937929579E+013
  3.8581812136E+004  4.7937670057E+013
  3.8611848250E+004  4.7937596148E+013
  3.8641632217E+004  4.7938051237E+013
  3.8671165663E+004  4.7939673594E+013
  3.8701412023E+004  4.7946354674E+013
  3.8731461141E+004  4.7947515556E+013
  3.8761268081E+004  4.7952934751E+013
  3.8791757410E+004  4.7951793127E+013
  3.8821147829E+004  4.7953587905E+013
  3.8851192423E+004  4.7956681494E+013
  3.8880994262E+004  4.7961211113E+013
  3.8911412069E+004  4.7966896993E+013
  3.8941573733E+004  4.7972445801E+013
  3.8971519283E+004  4.7978174747E+013
  3.9001289436E+004  4.7984786627E+013
  3.9030866969E+004  4.7992751106E+013
  3.9061145307E+004  4.8002569857E+013
  3.9091360218E+004  4.8014159282E+013
  3.9121545692E+004  4.8027446790E+013
  3.9150932688E+004  4.8041877672E+013
  3.9181308805E+004  4.8058257059E+013
  3.9211089215E+004  4.8075738061E+013
  3.9241205625E+004  4.8094839886E+013
  3.9271752991E+004  4.8115607013E+013
  3.9301038982E+004  4.8136703141E+013
  3.9331792254E+004  4.8159969054E+013
  3.9361348067E+004  4.8183291118E+013
  3.9391563416E+004  4.8208004216E+013
  3.9421510647E+004  4.8233276329E+013
  3.9451158526E+004  4.8258993860E+013
  3.9481491995E+004  4.8285967014E+013
  3.9511484326E+004  4.8313241190E+013
  3.9541088556E+004  4.8340706710E+013
  3.9571344274E+004  4.8369295100E+013
  3.9601144619E+004  4.8397930132E+013
  3.9631557972E+004  4.8427605330E+013
  3.9661429596E+004  4.8457168481E+013
  3.9691873334E+004  4.8487698642E+013
  3.9721687231E+004  4.8517967762E+013
  3.9752039760E+004  4.8549140100E+013
  3.9781690922E+004  4.8579921295E+013
  3.9811841480E+004  4.8611537869E+013
  3.9842487432E+004  4.8643985958E+013
  3.9872326022E+004  4.8675861923E+013
  3.9902634912E+004  4.8708507153E+013
  3.9932077213E+004  4.8740463983E+013
  3.9961973137E+004  4.8773148743E+013
  3.9992335076E+004  4.8806575222E+013
  4.0021766328E+004  4.8839191151E+013
  4.0051648121E+004  4.8872513537E+013
  4.0081995711E+004  4.8906561168E+013
  4.0112823336E+004  4.8941352352E+013
  4.0142641998E+004  4.8975195081E+013
  4.0172923272E+004  4.9009743782E+013
  4.0202132499E+004  4.9043231169E+013
  4.0231785635E+004  4.9077385078E+013
  4.0261895250E+004  4.9112222603E+013
  4.0292474574E+004  4.9147761985E+013
  4.0321890685E+004  4.9181703849E+013
  4.0351753656E+004  4.9214299438E+013
  4.0382076284E+004  4.9247546941E+013
  4.0412871716E+004  4.9281481229E+013
  4.0442402595E+004  4.9314193464E+013
  4.0472378890E+004  4.9347582070E+013
  4.0502811606E+004  4.9381678696E+013
  4.0531881511E+004  4.9414445933E+013
  4.0563233992E+004  4.9450001290E+013
  4.0593191524E+004  4.9484168807E+013
  4.0623595680E+004  4.9519024448E+013
  4.0652514937E+004  4.9552330762E+013
  4.0683815731E+004  4.9588533638E+013
  4.0713497701E+004  4.9622998788E+013
  4.0743422525E+004  4.9657866124E+013
  4.0773590016E+004  4.9693126336E+013
  4.0804000083E+004  4.9728770130E+013
  4.0832601594E+004  4.9762375467E+013
  4.0863480405E+004  4.9798734163E+013
  4.0892519284E+004  4.9832990178E+013
  4.0923866586E+004  4.9870028175E+013
  4.0953342631E+004  4.9904901443E+013
  4.0983029675E+004  4.9940060580E+013
  4.1012927703E+004  4.9975497590E+013
  4.1043036711E+004  5.0011204388E+013
  4.1073356705E+004  5.0047195590E+013
  4.1103887691E+004  5.0083488822E+013
  4.1132426824E+004  5.0117459564E+013
  4.1163364746E+004  5.0154333498E+013
  4.1192281762E+004  5.0188839040E+013
  4.1223626657E+004  5.0226276299E+013
  4.1252921604E+004  5.0261296024E+013
  4.1282398543E+004  5.0296562138E+013
  4.1314346497E+004  5.0334816034E+013
  4.1344201503E+004  5.0370592563E+013
  4.1374238594E+004  5.0406614601E+013
  4.1404457814E+004  5.0442882250E+013
  4.1432514175E+004  5.0476578314E+013
  4.1463083796E+004  5.0513319283E+013
  4.1493835720E+004  5.0550307358E+013
  4.1524770027E+004  5.0587543501E+013
  4.1553486726E+004  5.0622136760E+013
  4.1584772025E+004  5.0659854212E+013
  4.1613812892E+004  5.0694894504E+013
  4.1643009500E+004  5.0730151418E+013
  4.1674815026E+004  5.0768592627E+013
  4.1704336432E+004  5.0804305895E+013
  4.1734013923E+004  5.0840240969E+013
  4.1763847627E+004  5.0876399816E+013
  4.1793837683E+004  5.0912784571E+013
  4.1823984241E+004  5.0949400861E+013
  4.1854287458E+004  5.0986252377E+013
  4.1884747502E+004  5.1023333169E+013
  4.1912807131E+004  5.1057515993E+013
  4.1943568268E+004  5.1095015466E+013
  4.1974486782E+004  5.1132732974E+013
  4.2002967180E+004  5.1167498818E+013
  4.2034187923E+004  5.1205634036E+013
  4.2062945742E+004  5.1240782787E+013
  4.2094469554E+004  5.1279335847E+013
  4.2123505600E+004  5.1314867836E+013
  4.2152675015E+004  5.1350583343E+013
  4.2184648550E+004  5.1389755248E+013
  4.2214097514E+004  5.1425855250E+013
  4.2243680520E+004  5.1462139744E+013
  4.2273397801E+004  5.1498609083E+013
  4.2303249598E+004  5.1535263655E+013
  4.2333236162E+004  5.1572104215E+013
  4.2363357750E+004  5.1609131265E+013
  4.2393614629E+004  5.1646345163E+013
  4.2424007072E+004  5.1683746245E+013
  4.2454535357E+004  5.1721334846E+013
  4.2485199764E+004  5.1759111312E+013
  4.2513194859E+004  5.1793616879E+013
  4.2544119926E+004  5.1831753068E+013
  4.2575181950E+004  5.1870078320E+013
  4.2603539247E+004  5.1905083821E+013
  4.2634863552E+004  5.1943770963E+013
  4.2663459781E+004  5.1979105961E+013
  4.2695047463E+004  5.2018156073E+013
  4.2723883633E+004  5.2053821525E+013
  4.2755735815E+004  5.2093235878E+013
  4.2784812960E+004  5.2129237455E+013
  4.2814005227E+004  5.2165405455E+013
  4.2843312859E+004  5.2201739690E+013
  4.2875684796E+004  5.2241899197E+013
  4.2905235503E+004  5.2278582089E+013
  4.2934902350E+004  5.2315430742E+013
  4.2964685596E+004  5.2352444946E+013
  4.2994585501E+004  5.2389624477E+013
  4.3024602327E+004  5.2426969092E+013
  4.3054736343E+004  5.2464478534E+013
  4.3084987819E+004  5.2502152529E+013
  4.3115357031E+004  5.2539990794E+013
  4.3145844255E+004  5.2577993046E+013
  4.3173383891E+004  5.2612335142E+013
  4.3204096119E+004  5.2650648483E+013
  4.3234927188E+004  5.2689125208E+013
  4.3265877391E+004  5.2727765005E+013
  4.3293834679E+004  5.2762679970E+013
  4.3325012057E+004  5.2801628651E+013
  4.3356192394E+004  5.2840593117E+013
  4.3383876633E+004  5.2875198159E+013
  4.3414301532E+004  5.2913238492E+013
  4.3444520089E+004  5.2951029877E+013
  4.3474675236E+004  5.2988750143E+013
  4.3504903469E+004  5.3026569271E+013
  4.3535336345E+004  5.3064651184E+013
  4.3566099216E+004  5.3103152143E+013
  4.3594164929E+004  5.3138282236E+013
  4.3625869401E+004  5.3177971687E+013
  4.3654936056E+004  5.3214362647E+013
  4.3684233444E+004  5.3251045359E+013
  4.3713631048E+004  5.3287855780E+013
  4.3746412906E+004  5.3328905623E+013
  4.3776022937E+004  5.3365984552E+013
  4.3805734003E+004  5.3403190156E+013
  4.3835546376E+004  5.3440522115E+013
  4.3865460328E+004  5.3477980105E+013
  4.3895476136E+004  5.3515563797E+013
  4.3925594079E+004  5.3553272875E+013
  4.3955814439E+004  5.3591107032E+013
  4.3986137503E+004  5.3629065996E+013
  4.4016563559E+004  5.3667159016E+013
  4.4043695641E+004  5.3701138858E+013
  4.4074317038E+004  5.3739501407E+013
  4.4105042280E+004  5.3778006696E+013
  4.4135871670E+004  5.3816654245E+013
  4.4166805511E+004  5.3855443560E+013
  4.4194390197E+004  5.3890041557E+013
  4.4225522182E+004  5.3929097261E+013
  4.4256759519E+004  5.3968293236E+013
  4.4284614742E+004  5.4003251428E+013
  4.4316051950E+004  5.4042710891E+013
  4.4344085347E+004  5.4077902429E+013
  4.4375723578E+004  5.4117623425E+013
  4.4403936180E+004  5.4153046574E+013
  4.4435776600E+004  5.4193027178E+013
  4.4464169445E+004  5.4228680239E+013
  4.4496213223E+004  5.4268918527E+013
  4.4524787351E+004  5.4304799767E+013
  4.4557035663E+004  5.4345293746E+013
  4.4585792124E+004  5.4381401348E+013
  4.4614634754E+004  5.4417614829E+013
  4.4647185937E+004  5.4458480949E+013
  4.4676212298E+004  5.4494917830E+013
  4.4705325468E+004  5.4531459154E+013
  4.4734525682E+004  5.4568104495E+013
  4.4763813176E+004  5.4604853429E+013
  4.4796866228E+004  5.4646319276E+013
  4.4826339980E+004  5.4683286935E+013
  4.4855901755E+004  5.4720356847E+013
  4.4885551795E+004  5.4757528576E+013
  4.4915290341E+004  5.4794801685E+013
  4.4945117635E+004  5.4832175733E+013
  4.4975033921E+004  5.4869650274E+013
  4.5005039445E+004  5.4907224863E+013
  4.5035134451E+004  5.4944899056E+013
  4.5065319188E+004  5.4982672409E+013
  4.5095593905E+004  5.5020544472E+013
  4.5125958851E+004  5.5058514792E+013
  4.5156414278E+004  5.5096582909E+013
  4.5186960438E+004  5.5134748364E+013
  4.5217597585E+004  5.5173010699E+013
  4.5244479929E+004  5.5206569350E+013
  4.5275288368E+004  5.5245012080E+013
  4.5306188532E+004  5.5283550342E+013
  4.5337180683E+004  5.5322183660E+013
  4.5364374476E+004  5.5356065412E+013
  4.5395539805E+004  5.5394875660E+013
  4.5426797873E+004  5.5433779569E+013
  4.5454224968E+004  5.5467896929E+013
  4.5485657641E+004  5.5506975106E+013
  4.5517183823E+004  5.5546145501E+013
  4.5544846149E+004  5.5580494840E+013
  4.5576548387E+004  5.5619836763E+013
  4.5604365183E+004  5.5654335404E+013
  4.5636244438E+004  5.5693847046E+013
  4.5664216547E+004  5.5728493382E+013
  4.5696273790E+004  5.5768172885E+013
  4.5724402068E+004  5.5802965273E+013
  4.5756638283E+004  5.5842810875E+013
  4.5784923594E+004  5.5877748763E+013
  4.5817339775E+004  5.5917761535E+013
  4.5845782995E+004  5.5952847864E+013
  4.5874300208E+004  5.5988005174E+013
  4.5906982162E+004  5.6028272093E+013
  4.5935658587E+004  5.6063582080E+013
  4.5964409618E+004  5.6098963584E+013
  4.5997359548E+004  5.6139487375E+013
  4.6026271116E+004  5.6175022691E+013
  4.6055257916E+004  5.6210630042E+013
  4.6084320147E+004  5.6246309590E+013
  4.6117626750E+004  5.6287174828E+013
  4.6146851302E+004  5.6323009625E+013
  4.6176151925E+004  5.6358917120E+013
  4.6205528825E+004  5.6394897470E+013
  4.6234982209E+004  5.6430950831E+013
  4.6264512285E+004  5.6467077358E+013
  4.6298355121E+004  5.6508454604E+013
  4.6328050243E+004  5.6544738431E+013
  4.6357822721E+004  5.6581095905E+013
  4.6387672766E+004  5.6617527175E+013
  4.6417600594E+004  5.6654032394E+013
  4.6447606420E+004  5.6690611712E+013
  4.6477690461E+004  5.6727265281E+013
  4.6507852937E+004  5.6763993249E+013
  4.6538094067E+004  5.6800795766E+013
  4.6568414072E+004  5.6837672982E+013
  4.6594465595E+004  5.6869341589E+013
  4.6624932673E+004  5.6906357923E+013
  4.6655479267E+004  5.6943449379E+013
  4.6686105601E+004  5.6980616106E+013
  4.6716811903E+004  5.7017858253E+013
  4.6747598403E+004  5.7055175970E+013
  4.6778465332E+004  5.7092569406E+013
  4.6804986889E+004  5.7124681300E+013
  4.6836003800E+004  5.7162215747E+013
  4.6867101806E+004  5.7199826334E+013
  4.6898281141E+004  5.7237513206E+013
  4.6925071197E+004  5.7269877064E+013
  4.6956402201E+004  5.7307705991E+013
  4.6987815215E+004  5.7345611618E+013
  4.7014806109E+004  5.7378163315E+013
  4.7046372061E+004  5.7416211778E+013
  4.7078020710E+004  5.7454337364E+013
  4.7105214128E+004  5.7487077932E+013
  4.7137017001E+004  5.7525347137E+013
  4.7168903267E+004  5.7563693886E+013
  4.7196300912E+004  5.7596624360E+013
  4.7228342703E+004  5.7635115513E+013
  4.7255874019E+004  5.7668169979E+013
  4.7288072185E+004  5.7706806045E+013
  4.7315737905E+004  5.7739984942E+013
  4.7348093304E+004  5.7778766433E+013
  4.7375894164E+004  5.7812070199E+013
  4.7408407659E+004  5.7850997629E+013
  4.7436344399E+004  5.7884426706E+013
  4.7469016855E+004  5.7923500591E+013
  4.7497090220E+004  5.7957055423E+013
  4.7525226895E+004  5.7990668445E+013
  4.7558133244E+004  5.8029957311E+013
  4.7586407635E+004  5.8063696740E+013
  4.7614745842E+004  5.8097494661E+013
  4.7647887951E+004  5.8136999626E+013
  4.7676364972E+004  5.8170924611E+013
  4.7704906315E+004  5.8204908394E+013
  4.7738286060E+004  5.8244630583E+013
  4.7766967318E+004  5.8278742094E+013
  4.7795713408E+004  5.8312912712E+013
  4.7829332665E+004  5.8352853267E+013
  4.7858219773E+004  5.8387152287E+013
  4.7887172219E+004  5.8421510727E+013
  4.7916190166E+004  5.8455928686E+013
  4.7945273773E+004  5.8490406265E+013
  4.7979287850E+004  5.8530705594E+013
  4.8008514271E+004  5.8565312696E+013
  4.8037806860E+004  5.8599979741E+013
  4.8067165776E+004  5.8634706830E+013
  4.8096591178E+004  5.8669494068E+013
  4.8126083226E+004  5.8704341558E+013
  4.8155642079E+004  5.8739249406E+013
  4.8185267894E+004  5.8774217715E+013
  4.8214960829E+004  5.8809246592E+013
  4.8249687628E+004  5.8850191537E+013
  4.8279526529E+004  5.8885355302E+013
  4.8309433046E+004  5.8920582063E+013
  4.8339407334E+004  5.8955871948E+013
  4.8369449548E+004  5.8991225086E+013
  4.8399559843E+004  5.9026639568E+013
  4.8429738369E+004  5.9062110157E+013
  4.8459985281E+004  5.9097636545E+013
  4.8485243388E+004  5.9127284462E+013
  4.8515616064E+004  5.9162913040E+013
  4.8546057549E+004  5.9198597297E+013
  4.8576567993E+004  5.9234337184E+013
  4.8607147542E+004  5.9270132654E+013
  4.8637796341E+004  5.9305983654E+013
  4.8668514536E+004  5.9341890130E+013
  4.8699302267E+004  5.9377852026E+013
  4.8730159677E+004  5.9413869282E+013
  4.8755927514E+004  5.9444910574E+013
  4.8786913030E+004  5.9483886207E+013
  4.8817968615E+004  5.9522945785E+013
  4.8849094406E+004  5.9562089430E+013
  4.8880290534E+004  5.9601317259E+013
  4.8906341131E+004  5.9634071508E+013
  4.8937666549E+004  5.9673453972E+013
  4.8969062669E+004  5.9712920938E+013
  4.8995280201E+004  5.9745874704E+013
  4.9026806263E+004  5.9785496865E+013
  4.9058403375E+004  5.9825203821E+013
  4.9090071652E+004  5.9864995669E+013
  4.9116516330E+004  5.9898220457E+013
  4.9148315376E+004  5.9938168179E+013
  4.9180185906E+004  5.9978201046E+013
  4.9206799364E+004  6.0011626870E+013
  4.9238801224E+004  6.0051816047E+013
  4.9265524268E+004  6.0085372237E+013
  4.9297657796E+004  6.0125717974E+013
  4.9329863279E+004  6.0166149203E+013
  4.9356756213E+004  6.0199907243E+013
  4.9389093848E+004  6.0240495361E+013
  4.9416097028E+004  6.0274384218E+013
  4.9448567097E+004  6.0315129399E+013
  4.9475680750E+004  6.0349149205E+013
  4.9508283511E+004  6.0390051591E+013
  4.9535507842E+004  6.0424202451E+013
  4.9568243529E+004  6.0465262152E+013
  4.9595578719E+004  6.0499544142E+013
  4.9628447537E+004  6.0540761233E+013
  4.9655893746E+004  6.0575174404E+013
  4.9688895872E+004  6.0616548925E+013
  4.9716453234E+004  6.0651093290E+013
  4.9749588811E+004  6.0692625238E+013
  4.9777257434E+004  6.0727300777E+013
  4.9810526577E+004  6.0768990107E+013
  4.9838306541E+004  6.0803796765E+013
  4.9866137133E+004  6.0838662993E+013
  4.9899600683E+004  6.0880581067E+013
  4.9927542680E+004  6.0915578264E+013
  4.9961139925E+004  6.0957653415E+013
  4.9989193333E+004  6.0992781428E+013
  5.0017297376E+004  6.1027968841E+013
  5.0051089054E+004  6.1070272082E+013
  5.0079304458E+004  6.1105590014E+013
  5.0107570459E+004  6.1140967190E+013
  5.0135887036E+004  6.1176403554E+013
  5.0169933660E+004  6.1219005230E+013
  5.0198361424E+004  6.1254571583E+013
  5.0226839683E+004  6.1290196912E+013
  5.0261080200E+004  6.1333025048E+013
  5.0289669427E+004  6.1368779853E+013
  5.0318309030E+004  6.1404593378E+013
  5.0346998967E+004  6.1440465534E+013
  5.0381493264E+004  6.1483589381E+013
  5.0410293761E+004  6.1519590187E+013
  5.0439144425E+004  6.1555649306E+013
  5.0468045198E+004  6.1591766629E+013
  5.0496996015E+004  6.1627942043E+013
  5.0525996809E+004  6.1664175426E+013
  5.0560863631E+004  6.1707731833E+013
  5.0589974119E+004  6.1744092309E+013
  5.0619134341E+004  6.1780510340E+013
  5.0648344213E+004  6.1816985786E+013
  5.0677603648E+004  6.1853518501E+013
  5.0706912552E+004  6.1890108333E+013
  5.0736270829E+004  6.1926755127E+013
  5.0771565790E+004  6.1970806240E+013
  5.0801032324E+004  6.2007577772E+013
  5.0830547892E+004  6.2044405728E+013
  5.0860112379E+004  6.2081289930E+013
  5.0889725665E+004  6.2118230193E+013
  5.0919387627E+004  6.2155226328E+013
  5.0949098136E+004  6.2192278137E+013
  5.0978857059E+004  6.2229385418E+013
  5.1008664259E+004  6.2266547962E+013
  5.1038519594E+004  6.2303765556E+013
  5.1068422917E+004  6.2341037979E+013
  5.1098374078E+004  6.2378365007E+013
  5.1128372920E+004  6.2415746406E+013
  5.1158419284E+004  6.2453181940E+013
  5.1188513005E+004  6.2490671365E+013
  5.1218653913E+004  6.2528214433E+013
  5.1248841834E+004  6.2565810888E+013
  5.1279076591E+004  6.2603460470E+013
  5.1309357998E+004  6.2641163024E+013
  5.1339685869E+004  6.2678919363E+013
  5.1370060011E+004  6.2716729505E+013
  5.1400480228E+004  6.2754593193E+013
  5.1430946288E+004  6.2792510126E+013
  5.1461457804E+004  6.2830479810E+013
  5.1492014531E+004  6.2868501929E+013
  5.1516492316E+004  6.2898957186E+013
  5.1547129865E+004  6.2937072965E+013
  5.1577811997E+004  6.2975240366E+013
  5.1608538480E+004  6.3013459086E+013
  5.1639309077E+004  6.3051728836E+013
  5.1670123547E+004  6.3090049476E+013
  5.1700981644E+004  6.3128420677E+013
  5.1731883119E+004  6.3166842036E+013
  5.1756635361E+004  6.3197614963E+013
  5.1787614275E+004  6.3236125575E+013
  5.1818635847E+004  6.3274685189E+013
  5.1849699812E+004  6.3313293380E+013
  5.1880805901E+004  6.3351949718E+013
  5.1911953843E+004  6.3390653768E+013
  5.1936902145E+004  6.3421651063E+013
  5.1968124723E+004  6.3460439877E+013
  5.1999388371E+004  6.3499275153E+013
  5.2030692805E+004  6.3538156435E+013
  5.2062037734E+004  6.3577083262E+013
  5.2087142638E+004  6.3608257203E+013
  5.2118559720E+004  6.3647264832E+013
  5.2150016471E+004  6.3686316687E+013
  5.2181512591E+004  6.3725412288E+013
  5.2206737628E+004  6.3756719939E+013
  5.2238303843E+004  6.3795893056E+013
  5.2269908569E+004  6.3835108548E+013
  5.2301551495E+004  6.3874365919E+013
  5.2326893129E+004  6.3905801631E+013
  5.2358604024E+004  6.3945133118E+013
  5.2390352234E+004  6.3984505071E+013
  5.2422137442E+004  6.4023916980E+013
  5.2447592029E+004  6.4055474929E+013
  5.2479443020E+004  6.4094957458E+013
  5.2511330102E+004  6.4134478494E+013
  5.2536865536E+004  6.4166122695E+013
  5.2568816762E+004  6.4205711721E+013
  5.2600803163E+004  6.4245337781E+013
  5.2626417389E+004  6.4277064938E+013
  5.2658466275E+004  6.4316756322E+013
  5.2690549411E+004  6.4356483251E+013
  5.2722666465E+004  6.4396245188E+013
  5.2748384305E+004  6.4428079583E+013
  5.2780561571E+004  6.4467903179E+013
  5.2812771822E+004  6.4507760275E+013
  5.2838563548E+004  6.4539669708E+013
  5.2870832330E+004  6.4579585740E+013
  5.2896670448E+004  6.4611541620E+013
  5.2928996680E+004  6.4651514833E+013
  5.2961354362E+004  6.4691519054E+013
  5.2987262929E+004  6.4723544392E+013
  5.3019676186E+004  6.4763602816E+013
  5.3052119562E+004  6.4803690239E+013
  5.3078095726E+004  6.4835780690E+013
  5.3110592481E+004  6.4875918940E+013
  5.3136610920E+004  6.4908049352E+013
  5.3169159985E+004  6.4948236677E+013
  5.3201737653E+004  6.4988450509E+013
  5.3227820163E+004  6.5020640298E+013
  5.3260448498E+004  6.5060900487E+013
  5.3286571123E+004  6.5093126666E+013
  5.3319249081E+004  6.5133431477E+013
  5.3351954163E+004  6.5173760332E+013
  5.3378137544E+004  6.5206040373E+013
  5.3410890653E+004  6.5246411178E+013
  5.3437112052E+004  6.5278724098E+013
  5.3469912182E+004  6.5319135154E+013
  5.3502738005E+004  6.5359567844E+013
  5.3529016959E+004  6.5391929226E+013
  5.3561888268E+004  6.5432399561E+013
  5.3588203224E+004  6.5464790397E+013
  5.3621119058E+004  6.5505296726E+013
  5.3647469254E+004  6.5537715704E+013
  5.3680428670E+004  6.5578256400E+013
  5.3706813360E+004  6.5610702227E+013
  5.3739815435E+004  6.5651275686E+013
  5.3772840819E+004  6.5691866663E+013
  5.3799277725E+004  6.5724351734E+013
  5.3832344380E+004  6.5764973031E+013
  5.3858813955E+004  6.5797481740E+013
  5.3891921017E+004  6.5838131823E+013
  5.3918422580E+004  6.5870662955E+013
  5.3951569211E+004  6.5911340317E+013
  5.3978102103E+004  6.5943892681E+013
  5.4011287492E+004  6.5984595850E+013
  5.4037851073E+004  6.6017168279E+013
  5.4071074435E+004  6.6057895813E+013
  5.4097668089E+004  6.6090487167E+013
  5.4130928667E+004  6.6131237657E+013
  5.4157551799E+004  6.6163846823E+013
  5.4190848864E+004  6.6204618898E+013
  5.4217500903E+004  6.6237244793E+013
  5.4250833756E+004  6.6278037117E+013
  5.4277514154E+004  6.6310678689E+013
  5.4310882127E+004  6.6351489963E+013
  5.4337590361E+004  6.6384146186E+013
  5.4370992813E+004  6.6424975149E+013
  5.4397728386E+004  6.6457645030E+013
  5.4431164711E+004  6.6498490459E+013
  5.4457927147E+004  6.6531173036E+013
  5.4491396769E+004  6.6572033749E+013
  5.4518185623E+004  6.6604728092E+013
  5.4551687997E+004  6.6645602945E+013
  5.4578502845E+004  6.6678308155E+013
  5.4612037462E+004  6.6719196046E+013
  5.4638877908E+004  6.6751911258E+013
  5.4672444287E+004  6.6792811129E+013
  5.4699309920E+004  6.6825535463E+013
  5.4732907327E+004  6.6866445944E+013
  5.4759797462E+004  6.6899178187E+013
  5.4793425292E+004  6.6940098071E+013
  5.4820339616E+004  6.6972837466E+013
  5.4847264601E+004  6.7005579808E+013
  5.4880935744E+004  6.7046511672E+013
  5.4907884527E+004  6.7079260147E+013
  5.4941585265E+004  6.7120199259E+013
  5.4968557608E+004  6.7152953207E+013
  5.5002287661E+004  6.7193898762E+013
  5.5029283354E+004  6.7226657555E+013
  5.5063042475E+004  6.7267608791E+013
  5.5090061333E+004  6.7300371838E+013
  5.5117090436E+004  6.7333136596E+013
  5.5150891176E+004  6.7374094786E+013
  5.5177943226E+004  6.7406863006E+013
  5.5211772571E+004  6.7447825204E+013
  5.5238847450E+004  6.7480596382E+013
  5.5272705270E+004  6.7521561978E+013
  5.5299802884E+004  6.7554335646E+013
  5.5326910582E+004  6.7587110286E+013
  5.5360809365E+004  6.7628081476E+013
  5.5387939712E+004  6.7660863440E+013
  5.5421866786E+004  6.7701847264E+013
  5.5449019754E+004  6.7734639310E+013
  5.5482975098E+004  6.7775635463E+013
  5.5510150685E+004  6.7808437160E+013
  5.5537336329E+004  6.7841243016E+013
  5.5571332539E+004  6.7882256068E+013
  5.5598540842E+004  6.7915071006E+013
  5.5632565409E+004  6.7956095184E+013
  5.5659796429E+004  6.7988918848E+013
  5.5687037571E+004  6.8021746285E+013
  5.5721103260E+004  6.8062785792E+013
  5.5748367247E+004  6.8095621495E+013
  5.5782461561E+004  6.8136671154E+013
  5.5809748510E+004  6.8169514841E+013
  5.5837045708E+004  6.8202361995E+013
  5.5871181663E+004  6.8243425739E+013
  5.5898502034E+004  6.8276280521E+013
  5.5932667062E+004  6.8317353666E+013
  5.5960010781E+004  6.8350215867E+013
  5.5987364938E+004  6.8383081306E+013
  5.6021572376E+004  6.8424167606E+013
  5.6048950172E+004  6.8457040210E+013
  5.6083187299E+004  6.8498135374E+013
  5.6110588963E+004  6.8531015001E+013
  5.6138001313E+004  6.8563897712E+013
  5.6172281858E+004  6.8605005405E+013
  5.6199718445E+004  6.8637894981E+013
  5.6227165891E+004  6.8670787584E+013
  5.6261490559E+004  6.8721628817E+013
  5.6288962653E+004  6.8754607773E+013
  5.6323318319E+004  6.8795847546E+013
  5.6350815370E+004  6.8828847289E+013
  5.6378323616E+004  6.8861852661E+013
  5.6412724771E+004  6.8903116362E+013
  5.6440258456E+004  6.8936132485E+013
  5.6467803560E+004  6.8969152967E+013
  5.6502251108E+004  6.9010434499E+013
  5.6529822172E+004  6.9043464362E+013
  5.6557404896E+004  6.9076498287E+013
  5.6591899814E+004  6.9117796348E+013
  5.6619509057E+004  6.9150839292E+013
  5.6647130216E+004  6.9183886216E+013
  5.6681673548E+004  6.9225200458E+013
  5.6709321823E+004  6.9258256319E+013
  5.6736982288E+004  6.9291316155E+013
  5.6771575144E+004  6.9332646552E+013
  5.6799263356E+004  6.9365715366E+013
  5.6826964047E+004  6.9398788192E+013
  5.6861607598E+004  6.9440134894E+013
  5.6889336703E+004  6.9473216819E+013
  5.6917078590E+004  6.9506302824E+013
  5.6951774069E+004  6.9547666110E+013
  5.6979545068E+004  6.9580761398E+013
  5.7007329167E+004  6.9613860863E+013
  5.7042077865E+004  6.9655241118E+013
  5.7069891807E+004  6.9688350108E+013
  5.7097719180E+004  6.9721463392E+013
  5.7132522443E+004  6.9762861101E+013
  5.7160380420E+004  6.9795984204E+013
  5.7188252172E+004  6.9829111744E+013
  5.7223111399E+004  6.9870527482E+013
  5.7251014544E+004  6.9903665182E+013
  5.7278931822E+004  6.9936807483E+013
  5.7313848464E+004  6.9978241909E+013
  5.7341797952E+004  7.0011394759E+013
  5.7369761941E+004  7.0044552392E+013
  5.7397740548E+004  7.0077714867E+013
  5.7432734541E+004  7.0119174865E+013
  5.7460746467E+004  7.0152348465E+013
  5.7488773394E+004  7.0185527115E+013
  5.7523828332E+004  7.0227007632E+013
  5.7551889454E+004  7.0260197894E+013
  5.7579965972E+004  7.0293393431E+013
  5.7608058010E+004  7.0326594318E+013
  5.7643195072E+004  7.0368103062E+013
  5.7671322487E+004  7.0401316258E+013
  5.7699465830E+004  7.0434535051E+013
  5.7727625228E+004  7.0467759521E+013
  5.7762847251E+004  7.0509298216E+013
  5.7791043246E+004  7.0542535758E+013
  5.7819255718E+004  7.0575779247E+013
  5.7847484798E+004  7.0609028768E+013
  5.7882794704E+004  7.0650599288E+013
  5.7911061636E+004  7.0683862706E+013
  5.7939345609E+004  7.0717132447E+013
  5.7967646758E+004  7.0750408604E+013
  5.8003047554E+004  7.0792012965E+013
  5.8031387846E+004  7.0825303903E+013
  5.8059745757E+004  7.0858601566E+013
  5.8088121425E+004  7.0891906053E+013
  5.8123616194E+004  7.0935117980E+013
  5.8152032327E+004  7.0970530815E+013
  5.8180466644E+004  7.1005961683E+013
  5.8208919165E+004  7.1041410585E+013
  5.8237390018E+004  7.1076877657E+013
  5.8273004581E+004  7.1121237276E+013
  5.8301517199E+004  7.1156745781E+013
  5.8330048611E+004  7.1192272950E+013
  5.8358598958E+004  7.1227818936E+013
  5.8387168385E+004  7.1263383896E+013
  5.8422907219E+004  7.1307867017E+013
  5.8451520103E+004  7.1343475243E+013
  5.8480152538E+004  7.1379102956E+013
  5.8508804670E+004  7.1414750318E+013
  5.8537476647E+004  7.1450417488E+013
  5.8573344748E+004  7.1495029556E+013
  5.8602061914E+004  7.1530741894E+013
  5.8630799407E+004  7.1566474574E+013
  5.8659557375E+004  7.1602227761E+013
  5.8688335968E+004  7.1638001625E+013
  5.8724338444E+004  7.1682748334E+013
  5.8753163997E+004  7.1718569421E+013
  5.8782010667E+004  7.1754411776E+013
  5.8810878606E+004  7.1790275572E+013
  5.8839767969E+004  7.1826160979E+013
  5.8868678907E+004  7.1862068173E+013
  5.8897611575E+004  7.1897997327E+013
  5.8933808203E+004  7.1942939918E+013
  5.8962790329E+004  7.1978919124E+013
  5.8991794690E+004  7.2014920863E+013
  5.9020821440E+004  7.2050945313E+013
  5.9049870737E+004  7.2086992654E+013
  5.9078942740E+004  7.2123063065E+013
  5.9108037604E+004  7.2159156728E+013
  5.9144438579E+004  7.2204306784E+013
  5.9173585467E+004  7.2240453433E+013
  5.9202755738E+004  7.2276623933E+013
  5.9231949553E+004  7.2312818468E+013
  5.9261167074E+004  7.2349037228E+013
  5.9290408464E+004  7.2385280401E+013
  5.9319673887E+004  7.2421548177E+013
  5.9348963509E+004  7.2457840747E+013
  5.9378277494E+004  7.2494158305E+013
  5.9407616008E+004  7.2530501043E+013
  5.9444323900E+004  7.2575965172E+013
  5.9473718217E+004  7.2612365279E+013
  5.9503137609E+004  7.2648791202E+013
  5.9532582245E+004  7.2685243141E+013
  5.9562052295E+004  7.2721721293E+013
  5.9591547929E+004  7.2758225859E+013
  5.9621069319E+004  7.2794757040E+013
  5.9650616636E+004  7.2831315037E+013
  5.9680190054E+004  7.2867900052E+013
  5.9709789744E+004  7.2904512290E+013
  5.9739415881E+004  7.2941151955E+013
  5.9769068640E+004  7.2977819251E+013
  5.9798748195E+004  7.3014514386E+013
  5.9828454722E+004  7.3051237565E+013
  5.9858188397E+004  7.3087988996E+013
  5.9887949397E+004  7.3124768888E+013
  5.9917737899E+004  7.3161577449E+013
  5.9947554081E+004  7.3198414889E+013
  5.9984863505E+004  7.3244502621E+013
  6.0014742621E+004  7.3281405809E+013
  6.0044649998E+004  7.3318338563E+013
  6.0074585816E+004  7.3355301094E+013
  6.0104550258E+004  7.3392293614E+013
  6.0134543503E+004  7.3429316338E+013
  6.0164565733E+004  7.3466369478E+013
  6.0194617131E+004  7.3503453250E+013
  6.0224697879E+004  7.3540567867E+013
  6.0254808160E+004  7.3577713546E+013
  6.0284948158E+004  7.3614890502E+013
  6.0307572769E+004  7.3642793875E+013
  6.0337765214E+004  7.3680026086E+013
  6.0367987883E+004  7.3717290168E+013
  6.0398240960E+004  7.3754586340E+013
  6.0428524633E+004  7.3791914818E+013
  6.0458839085E+004  7.3829275821E+013
  6.0489184505E+004  7.3866669565E+013
  6.0519561080E+004  7.3904096269E+013
  6.0549968995E+004  7.3941556152E+013
  6.0580408439E+004  7.3979049432E+013
  6.0610879601E+004  7.4016576328E+013
  6.0641382668E+004  7.4064366303E+013
  6.0671917829E+004  7.4102013368E+013
  6.0702485273E+004  7.4139706559E+013
  6.0733085191E+004  7.4177439341E+013
  6.0763717772E+004  7.4215210094E+013
  6.0794383206E+004  7.4253018199E+013
  6.0825081591E+004  7.4290863292E+013
  6.0848127046E+004  7.4319271244E+013
  6.0878883363E+004  7.4357180694E+013
  6.0909673044E+004  7.4395126986E+013
  6.0940496283E+004  7.4433110230E+013
  6.0971353269E+004  7.4471130565E+013
  6.1002244194E+004  7.4509188152E+013
  6.1033169251E+004  7.4547283167E+013
  6.1064128631E+004  7.4585415798E+013
  6.1095122527E+004  7.4623586238E+013
  6.1118390716E+004  7.4652239001E+013
  6.1149445478E+004  7.4690476092E+013
  6.1180535286E+004  7.4728751552E+013
  6.1211660334E+004  7.4767065591E+013
  6.1242820814E+004  7.4805418419E+013
  6.1274016922E+004  7.4843810249E+013
  6.1305248850E+004  7.4882241293E+013
  6.1328696421E+004  7.4911090440E+013
  6.1359991504E+004  7.4949590626E+013
  6.1391322942E+004  7.4988130617E+013
  6.1422690931E+004  7.5026710627E+013
  6.1454095665E+004  7.5065330872E+013
  6.1485537341E+004  7.5103991566E+013
  6.1509142957E+004  7.5133013762E+013
  6.1540649750E+004  7.5171745762E+013
  6.1572194021E+004  7.5210518803E+013
  6.1603775967E+004  7.5249333101E+013
  6.1635395784E+004  7.5288188869E+013
  6.1659135618E+004  7.5317358039E+013
  6.1690822181E+004  7.5356286897E+013
  6.1722547156E+004  7.5395257815E+013
  6.1754310739E+004  7.5434271006E+013
  6.1778158880E+004  7.5463558770E+013
  6.1809990501E+004  7.5502646453E+013
  6.1841861270E+004  7.5541776994E+013
  6.1873771386E+004  7.5580950607E+013
  6.1905721047E+004  7.5620167502E+013
  6.1929709362E+004  7.5649608706E+013
  6.1961728699E+004  7.5688901855E+013
  6.1993788124E+004  7.5728238867E+013
  6.2025887834E+004  7.5767619953E+013
  6.2049989173E+004  7.5797184817E+013
  6.2082159857E+004  7.5836643535E+013
  6.2114371371E+004  7.5876146902E+013
  6.2138556920E+004  7.5905803854E+013
  6.2170840362E+004  7.5945385858E+013
  6.2203165177E+004  7.5985013082E+013
  6.2235531565E+004  7.6024685734E+013
  6.2259833757E+004  7.6054470159E+013
  6.2292273373E+004  7.6094222806E+013
  6.2324755107E+004  7.6134021446E+013
  6.2349144166E+004  7.6163900733E+013
  6.2381700082E+004  7.6203780356E+013
  6.2414298661E+004  7.6243706534E+013
  6.2438775713E+004  7.6273681843E+013
  6.2471449429E+004  7.6313689985E+013
  6.2504166355E+004  7.6353745240E+013
  6.2528732523E+004  7.6383817723E+013
  6.2561525541E+004  7.6423955914E+013
  6.2594362312E+004  7.6464141774E+013
  6.2619018724E+004  7.6494312572E+013
  6.2651932542E+004  7.6534582334E+013
  6.2684890659E+004  7.6574900314E+013
  6.2709638438E+004  7.6605170562E+013
  6.2742674556E+004  7.6645573402E+013
  6.2775755518E+004  7.6686025006E+013
  6.2800595788E+004  7.6716395829E+013
  6.2833755704E+004  7.6756933244E+013
  6.2858655416E+004  7.6787368651E+013
  6.2891894892E+004  7.6827992479E+013
  6.2925180102E+004  7.6868665954E+013
  6.2950174142E+004  7.6899203759E+013
  6.2983539863E+004  7.6939964586E+013
  6.3008594512E+004  7.6970568128E+013
  6.3042041348E+004  7.7011416900E+013
  6.3075534807E+004  7.7052316193E+013
  6.3100685616E+004  7.7083023931E+013
  6.3134261139E+004  7.7124012097E+013
  6.3159473721E+004  7.7154786710E+013
  6.3193131909E+004  7.7195864334E+013
  6.3226837606E+004  7.7236993339E+013
  6.3252148173E+004  7.7267873926E+013
  6.3285937479E+004  7.7309093306E+013
  6.3311310979E+004  7.7340041891E+013
  6.3345184496E+004  7.7381352223E+013
  6.3370621282E+004  7.7412369120E+013
  6.3404579224E+004  7.7453770513E+013
  6.3430079456E+004  7.7484855804E+013
  6.3464122289E+004  7.7526348669E+013
  6.3489686410E+004  7.7557502775E+013
  6.3523814720E+004  7.7599087672E+013
  6.3549443169E+004  7.7630311011E+013
  6.3583657545E+004  7.7671988499E+013
  6.3609350763E+004  7.7703281492E+013
  6.3643651791E+004  7.7745052129E+013
  6.3669410220E+004  7.7776415192E+013
  6.3703798490E+004  7.7818279536E+013
  6.3729622571E+004  7.7849713089E+013
  6.3764098672E+004  7.7891671699E+013
  6.3789988848E+004  7.7923176161E+013
  6.3824553372E+004  7.7965229595E+013
  6.3850510087E+004  7.7996805385E+013
  6.3885163625E+004  7.8038954202E+013
  6.3911187323E+004  7.8070601739E+013
  6.3945930469E+004  7.8112846499E+013
  6.3972021596E+004  7.8144566204E+013
  6.4006854944E+004  7.8186907467E+013
  6.4033013945E+004  7.8218699759E+013
  6.4059202173E+004  7.8250523289E+013
  6.4094165416E+004  7.8293003388E+013
  6.4120422158E+004  7.8324900107E+013
  6.4155477051E+004  7.8367478072E+013
  6.4181802756E+004  7.8399448402E+013
  6.4216949899E+004  7.8442124797E+013
  6.4243345016E+004  7.8474169161E+013
  6.4269770019E+004  7.8506245382E+013
  6.4305049989E+004  7.8549063368E+013
  6.4331545048E+004  7.8581214227E+013
  6.4366918727E+004  7.8624132013E+013
  6.4393484294E+004  7.8656357933E+013
  6.4420080217E+004  7.8688616151E+013
  6.4455588812E+004  7.8731677487E+013
  6.4482255891E+004  7.8764011373E+013
  6.4508953603E+004  7.8796377818E+013
  6.4544598351E+004  7.8839583859E+013
  6.4571367867E+004  7.8872026578E+013
  6.4607108658E+004  7.8915334601E+013
  6.4633950435E+004  7.8947854019E+013
  6.4660823320E+004  7.8980406439E+013
  6.4696702370E+004  7.9023861136E+013
  6.4723648169E+004  7.9056490863E+013
  6.4750625356E+004  7.9089153853E+013
  6.4786643912E+004  7.9132756382E+013
  6.4813694668E+004  7.9165497287E+013
  6.4840777093E+004  7.9198271716E+013
  6.4876936405E+004  7.9242023237E+013
  6.4904093056E+004  7.9274876191E+013
  6.4931281659E+004  7.9307762930E+013
  6.4967582980E+004  7.9351664603E+013
  6.4994846468E+004  7.9384630475E+013
  6.5022142192E+004  7.9417630393E+013
  6.5049470236E+004  7.9450664435E+013
  6.5085958051E+004  7.9494763040E+013
  6.5113361841E+004  7.9527877008E+013
  6.5140798236E+004  7.9561025360E+013
  6.5177430963E+004  7.9605276784E+013
  6.5204943768E+004  7.9638505670E+013
  6.5232489465E+004  7.9671769201E+013
  6.5260068137E+004  7.9705067454E+013
  6.5296891145E+004  7.9749519301E+013
  6.5324547097E+004  7.9782898998E+013
  6.5352236311E+004  7.9816313778E+013
  6.5379958875E+004  7.9849763723E+013
  6.5416974320E+004  7.9894418494E+013
  6.5444775035E+004  7.9927950812E+013
  6.5472609387E+004  7.9961518571E+013
  6.5500477464E+004  7.9995121854E+013
  6.5537687510E+004  8.0039981632E+013
  6.5565634588E+004  8.0073668093E+013
  6.5593615511E+004  8.0107390150E+013
  6.5621630349E+004  8.0141147867E+013
  6.5649679190E+004  8.0174941324E+013
  6.5687130685E+004  8.0220055007E+013
  6.5715259200E+004  8.0253932182E+013
  6.5743422007E+004  8.0301765090E+013
  6.5771619192E+004  8.0335768323E+013
  6.5799850842E+004  8.0369822005E+013
  6.5837546808E+004  8.0415293292E+013
  6.5865859218E+004  8.0449443775E+013
  6.5894206385E+004  8.0483633565E+013
  6.5922588398E+004  8.0517862198E+013
  6.5951005342E+004  8.0552129399E+013
  6.5988949094E+004  8.0597878713E+013
  6.6017447890E+004  8.0632235358E+013
  6.6045981911E+004  8.0666630229E+013
  6.6074551247E+004  8.0701063307E+013
  6.6103155986E+004  8.0735534596E+013
  6.6131796215E+004  8.0770044115E+013
  6.6160472023E+004  8.0804591893E+013
  6.6198761934E+004  8.0850715186E+013
  6.6227521106E+004  8.0885352408E+013
  6.6256316154E+004  8.0920514473E+013
  6.6285147166E+004  8.0956494658E+013
  6.6314014231E+004  8.0992518596E+013
  6.6342917440E+004  8.1028586379E+013
  6.6371856880E+004  8.1064698096E+013
  6.6400832642E+004  8.1100853842E+013
  6.6429844816E+004  8.1137053710E+013
  6.6468584508E+004  8.1185388997E+013
  6.6497681991E+004  8.1221692183E+013
  6.6526816183E+004  8.1258039807E+013
  6.6555987177E+004  8.1294431964E+013
  6.6585195062E+004  8.1330868751E+013
  6.6614439928E+004  8.1367350263E+013
  6.6643721866E+004  8.1403876596E+013
  6.6673040966E+004  8.1440447847E+013
  6.6702397319E+004  8.1477064111E+013
  6.6731791016E+004  8.1513725484E+013
  6.6761222148E+004  8.1550432064E+013
  6.6790690806E+004  8.1587183945E+013
  6.6820197080E+004  8.1623981225E+013
  6.6859597453E+004  8.1673115049E+013
  6.6889191856E+004  8.1710018631E+013
  6.6918824180E+004  8.1746967929E+013
  6.6948494518E+004  8.1783963041E+013
  6.6978202961E+004  8.1821004061E+013
  6.7007949602E+004  8.1858091083E+013
  6.7037734531E+004  8.1895224205E+013
  6.7067557843E+004  8.1932403518E+013
  6.7097419627E+004  8.1969629120E+013
  6.7127319978E+004  8.2006901102E+013
  6.7157258988E+004  8.2044219560E+013
  6.7187236750E+004  8.2081584587E+013
  6.7217253355E+004  8.2118996277E+013
  6.7247308898E+004  8.2156454722E+013
  6.7277403471E+004  8.2193960016E+013
  6.7307537168E+004  8.2231512251E+013
  6.7337710081E+004  8.2269111520E+013
  6.7367922305E+004  8.2306757914E+013
  6.7398173933E+004  8.2344451525E+013
  6.7428465059E+004  8.2382192444E+013
  6.7458795776E+004  8.2419980763E+013
  6.7489166179E+004  8.2457816571E+013
  6.7519576361E+004  8.2495699959E+013
  6.7550026417E+004  8.2533631016E+013
  6.7570348654E+004  8.2558944914E+013
  6.7600865377E+004  8.2596955618E+013
  6.7631422226E+004  8.2635014228E+013
  6.7662019295E+004  8.2673120833E+013
  6.7692656681E+004  8.2711275519E+013
  6.7723334477E+004  8.2749478373E+013
  6.7754052779E+004  8.2787729483E+013
  6.7784811682E+004  8.2826028935E+013
  6.7815611283E+004  8.2864376813E+013
  6.7846451677E+004  8.2902773205E+013
  6.7877332960E+004  8.2941218193E+013
  6.7908255229E+004  8.2979711864E+013
  6.7939218581E+004  8.3018254302E+013
  6.7970223113E+004  8.3056845591E+013
  6.7990915670E+004  8.3082600225E+013
  6.8021988809E+004  8.3121272813E+013
  6.8053103199E+004  8.3159994239E+013
  6.8084258940E+004  8.3198764583E+013
  6.8115456129E+004  8.3237583928E+013
  6.8146694866E+004  8.3276452355E+013
  6.8177975250E+004  8.3315369943E+013
  6.8209297379E+004  8.3354336772E+013
  6.8240661355E+004  8.3393352922E+013
  6.8261593968E+004  8.3419391127E+013
  6.8293027909E+004  8.3458489651E+013
  6.8324503963E+004  8.3497637792E+013
  6.8356022231E+004  8.3536835757E+013
  6.8387582814E+004  8.3576083637E+013
  6.8419185813E+004  8.3615381519E+013
  6.8450831331E+004  8.3654729491E+013
  6.8471952014E+004  8.3680989344E+013
  6.8503668622E+004  8.3720420993E+013
  6.8535428021E+004  8.3759902965E+013
  6.8567230313E+004  8.3799435346E+013
  6.8599075602E+004  8.3839018220E+013
  6.8630963990E+004  8.3878651674E+013
  6.8652246911E+004  8.3905102117E+013
  6.8684207363E+004  8.3944820057E+013
  6.8716211192E+004  8.3984588800E+013
  6.8748258502E+004  8.4024408429E+013
  6.8780349397E+004  8.4064279026E+013
  6.8801767594E+004  8.4090887780E+013
  6.8833931366E+004  8.4130843506E+013
  6.8866139004E+004  8.4170850415E+013
  6.8898390615E+004  8.4210908588E+013
  6.8930686303E+004  8.4251018104E+013
  6.8952241302E+004  8.4277786343E+013
  6.8984610689E+004  8.4317981601E+013
  6.9017024439E+004  8.4358228407E+013
  6.9049482657E+004  8.4398526836E+013
  6.9071146227E+004  8.4425421171E+013
  6.9103678799E+004  8.4465805802E+013
  6.9136256126E+004  8.4506242251E+013
  6.9168878317E+004  8.4546730591E+013
  6.9201545479E+004  8.4587270890E+013
  6.9223348625E+004  8.4614326656E+013
  6.9256090982E+004  8.4654953708E+013
  6.9288878601E+004  8.4695632901E+013
  6.9321711590E+004  8.4736364302E+013
  6.9343625510E+004  8.4763547604E+013
  6.9376534362E+004  8.4804366159E+013
  6.9409488877E+004  8.4845237089E+013
  6.9431483977E+004  8.4872513503E+013
  6.9464514844E+004  8.4913471861E+013
  6.9497591668E+004  8.4954482753E+013
  6.9530714562E+004  8.4995546237E+013
  6.9552822140E+004  8.5022951138E+013
  6.9586022063E+004  8.5064102396E+013
  6.9619268352E+004  8.5105306390E+013
  6.9641458359E+004  8.5132805042E+013
  6.9674782174E+004  8.5174097041E+013
  6.9708152653E+004  8.5215441909E+013
  6.9741569910E+004  8.5256839692E+013
  6.9763874125E+004  8.5284467634E+013
  6.9797369595E+004  8.5325953710E+013
  6.9830912144E+004  8.5367492817E+013
  6.9853300054E+004  8.5395215037E+013
  6.9886921319E+004  8.5436842620E+013
  6.9920589966E+004  8.5478523339E+013
  6.9943062110E+004  8.5506340022E+013
  6.9976809980E+004  8.5548109378E+013
  7.0010605536E+004  8.5589931961E+013
  7.0033162456E+004  8.5617843270E+013
  7.0067037744E+004  8.5659754633E+013
  7.0100961024E+004  8.5701719300E+013
  7.0123603264E+004  8.5729725370E+013
  7.0157606787E+004  8.5771778934E+013
  7.0191658611E+004  8.5813885866E+013
  7.0214386718E+004  8.5841986813E+013
  7.0248519300E+004  8.5884182737E+013
  7.0282700491E+004  8.5926432080E+013
  7.0305515015E+004  8.5954627994E+013
  7.0339777481E+004  8.5996966402E+013
  7.0362646296E+004  8.6025221705E+013
  7.0396990361E+004  8.6067649213E+013
  7.0431383541E+004  8.6110130194E+013
  7.0454339672E+004  8.6138480559E+013
  7.0488814972E+004  8.6181050676E+013
  7.0511825958E+004  8.6209460470E+013
  7.0546383704E+004  8.6252119735E+013
  7.0580991074E+004  8.6294832491E+013
  7.0604090282E+004  8.6323337378E+013
  7.0638780623E+004  8.6366139282E+013
  7.0661935254E+004  8.6394703598E+013
  7.0696708894E+004  8.6437594638E+013
  7.0731532672E+004  8.6480539152E+013
  7.0754776436E+004  8.6509198530E+013
  7.0789684040E+004  8.6552232146E+013
  7.0812983800E+004  8.6580950915E+013
  7.0847975561E+004  8.6624073600E+013
  7.0883017976E+004  8.6667250090E+013
  7.0906407786E+004  8.6696065465E+013
  7.0941534888E+004  8.6739335481E+013
  7.0964981267E+004  8.6768213493E+013
  7.1000193390E+004  8.6811577570E+013
  7.1023696561E+004  8.6840518357E+013
  7.1058994037E+004  8.6883976697E+013
  7.1082554221E+004  8.6912980393E+013
  7.1117937384E+004  8.6956533196E+013
  7.1153372093E+004  8.7000142735E+013
  7.1177023854E+004  8.7029247225E+013
  7.1212544501E+004  8.7072951186E+013
  7.1236253653E+004  8.7102118671E+013
  7.1271860554E+004  8.7145917216E+013
  7.1295627320E+004  8.7175147817E+013
  7.1331320807E+004  8.7219041123E+013
  7.1355145408E+004  8.7248334958E+013
  7.1390925814E+004  8.7292323199E+013
  7.1414808473E+004  8.7321680379E+013
  7.1450676131E+004  8.7365763723E+013
  7.1474617069E+004  8.7395184360E+013
  7.1510572312E+004  8.7439362971E+013
  7.1534571752E+004  8.7468847172E+013
  7.1570614914E+004  8.7513121207E+013
  7.1594673077E+004  8.7542669077E+013
  7.1630804492E+004  8.7587038692E+013
  7.1654921601E+004  8.7616650332E+013
  7.1691141602E+004  8.7661115678E+013
  7.1715317880E+004  8.7690791187E+013
  7.1751626800E+004  8.7735352409E+013
  7.1775862468E+004  8.7765091884E+013
  7.1812260641E+004  8.7809749125E+013
  7.1836555922E+004  8.7839552659E+013
  7.1873043681E+004  8.7884306057E+013
  7.1897398797E+004  8.7914173742E+013
  7.1933976474E+004  8.7959023433E+013
  7.1958391647E+004  8.7988955357E+013
  7.1982830904E+004  8.8018913001E+013
  7.2019535028E+004  8.8063897722E+013
  7.2044034653E+004  8.8093919727E+013
  7.2080829495E+004  8.8139001054E+013
  7.2105389710E+004  8.8169087505E+013
  7.2142275604E+004  8.8214265564E+013
  7.2166896633E+004  8.8244416546E+013
  7.2203873914E+004  8.8289691466E+013
  7.2228555980E+004  8.8319907064E+013
  7.2253262523E+004  8.8350148531E+013
  7.2290368311E+004  8.8395559267E+013
  7.2315136205E+004  8.8425865469E+013
  7.2352334188E+004  8.8471373370E+013
  7.2377163658E+004  8.8501744390E+013
  7.2414454173E+004  8.8547349584E+013
  7.2439345444E+004  8.8577785510E+013
  7.2464261498E+004  8.8608247421E+013
  7.2501682128E+004  8.8653989044E+013
  7.2526660300E+004  8.8684515983E+013
  7.2564174276E+004  8.8730355213E+013
  7.2589214792E+004  8.8760947267E+013
  7.2614280310E+004  8.8791565394E+013
  7.2651925543E+004  8.8837541499E+013
  7.2677053723E+004  8.8868224867E+013
  7.2714793121E+004  8.8914298905E+013
  7.2739984191E+004  8.8945047609E+013
  7.2765200482E+004  8.8975822473E+013
  7.2803072286E+004  8.9022033854E+013
  7.2828351787E+004  8.9052874186E+013
  7.2853656636E+004  8.9083740734E+013
  7.2891661518E+004  8.9130089745E+013
  7.2917029898E+004  8.9161021901E+013
  7.2955130250E+004  8.9207469400E+013
  7.2980562391E+004  8.9238467268E+013
  7.3006020102E+004  8.9269491451E+013
  7.3044254690E+004  8.9316077102E+013
  7.3069776484E+004  8.9347167147E+013
  7.3095323976E+004  8.9378283569E+013
  7.3133693478E+004  8.9425007696E+013
  7.3159305377E+004  8.9456190138E+013
  7.3184943104E+004  8.9487399021E+013
  7.3223448202E+004  8.9534261965E+013
  7.3249150659E+004  8.9565537035E+013
  7.3274879075E+004  8.9596838615E+013
  7.3313520449E+004  8.9643840733E+013
  7.3339313920E+004  8.9675208676E+013
  7.3365133479E+004  8.9707304248E+013
  7.3403911814E+004  8.9756096363E+013
  7.3429796755E+004  8.9788662634E+013
  7.3455707914E+004  8.9821259500E+013
  7.3494623894E+004  8.9870212239E+013
  7.3520600762E+004  8.9902885742E+013
  7.3546603979E+004  8.9935589961E+013
  7.3585658291E+004  8.9984703958E+013
  7.3611727544E+004  9.0017485121E+013
  7.3637823278E+004  9.0050297124E+013
  7.3663945529E+004  9.0083140003E+013
  7.3703178708E+004  9.0132462293E+013
  7.3729367417E+004  9.0165382521E+013
  7.3755582775E+004  9.0198333754E+013
  7.3794955861E+004  9.0247818818E+013
  7.3821238006E+004  9.0280847726E+013
  7.3847546932E+004  9.0313907769E+013
  7.3873882677E+004  9.0346998988E+013
  7.3913436660E+004  9.0396694352E+013
  7.3939839615E+004  9.0429863677E+013
  7.3966269521E+004  9.0463064312E+013
  7.4005964994E+004  9.0512924061E+013
  7.4032462441E+004  9.0546203150E+013
  7.4058986970E+004  9.0579513689E+013
  7.4085538620E+004  9.0612855721E+013
  7.4125417028E+004  9.0662927908E+013
  7.4152036644E+004  9.0696348853E+013
  7.4178683513E+004  9.0729801435E+013
  7.4205357673E+004  9.0763285697E+013
  7.4245420165E+004  9.0813571584E+013
  7.4272162717E+004  9.0847135233E+013
  7.4298932693E+004  9.0880730712E+013
  7.4325730130E+004  9.0914358066E+013
  7.4365977858E+004  9.0964858956E+013
  7.4392844114E+004  9.0998566187E+013
  7.4419737964E+004  9.1032305447E+013
  7.4446659446E+004  9.1066076781E+013
  7.4473608598E+004  9.1099880235E+013
  7.4514084291E+004  9.1150645739E+013
  7.4541102784E+004  9.1184529692E+013
  7.4568149081E+004  9.1218445925E+013
  7.4595223218E+004  9.1252394487E+013
  7.4635886709E+004  9.1303378046E+013
  7.4663030567E+004  9.1337407573E+013
  7.4690202297E+004  9.1371469465E+013
  7.4717401936E+004  9.1405563771E+013
  7.4744629523E+004  9.1439690539E+013
  7.4785523387E+004  9.1490941671E+013
  7.4812821006E+004  9.1525149829E+013
  7.4840146704E+004  9.1559390626E+013
  7.4867500519E+004  9.1593664100E+013
  7.4894882487E+004  9.1627970293E+013
  7.4936008310E+004  9.1679491016E+013
  7.4963460827E+004  9.1713879181E+013
  7.4990941630E+004  9.1748300206E+013
  7.5018450756E+004  9.1782754132E+013
  7.5045988241E+004  9.1817241000E+013
  7.5087347728E+004  9.1869033159E+013
  7.5114956278E+004  9.1903602562E+013
  7.5142593320E+004  9.1938205052E+013
  7.5170258891E+004  9.1972840670E+013
  7.5197953028E+004  9.2007509458E+013
  7.5225675770E+004  9.2042211458E+013
  7.5267313595E+004  9.2094326821E+013
  7.5295108009E+004  9.2129112033E+013
  7.5322931158E+004  9.2163930605E+013
  7.5350783079E+004  9.2198782578E+013
  7.5378663809E+004  9.2233667995E+013
  7.5406573386E+004  9.2268587287E+013
  7.5434511847E+004  9.2303543066E+013
  7.5476473776E+004  9.2356046001E+013
  7.5504484609E+004  9.2391094107E+013
  7.5532524457E+004  9.2426179108E+013
  7.5560593355E+004  9.2461300986E+013
  7.5588691342E+004  9.2496459721E+013
  7.5616818455E+004  9.2531655295E+013
  7.5644974730E+004  9.2566887689E+013
  7.5687263904E+004  9.2619805279E+013
  7.5715493247E+004  9.2655129647E+013
  7.5743751883E+004  9.2690490774E+013
  7.5772039848E+004  9.2725888645E+013
  7.5800357179E+004  9.2761323242E+013
  7.5828703912E+004  9.2796794551E+013
  7.5857080085E+004  9.2832302557E+013
  7.5885485735E+004  9.2867847244E+013
  7.5928149558E+004  9.2921233023E+013
  7.5956629059E+004  9.2956869354E+013
  7.5985138165E+004  9.2992542319E+013
  7.6013676912E+004  9.3028251906E+013
  7.6042245338E+004  9.3063998102E+013
  7.6070843477E+004  9.3099780896E+013
  7.6099471368E+004  9.3135600277E+013
  7.6128129046E+004  9.3171456233E+013
  7.6156816548E+004  9.3207348754E+013
  7.6185533909E+004  9.3243277831E+013
  7.6228666018E+004  9.3297239968E+013
  7.6257458188E+004  9.3333260393E+013
  7.6286280345E+004  9.3369317343E+013
  7.6315132524E+004  9.3405410810E+013
  7.6344014762E+004  9.3441540786E+013
  7.6372927094E+004  9.3477707265E+013
  7.6401869556E+004  9.3513910239E+013
  7.6430842184E+004  9.3550149702E+013
  7.6459845014E+004  9.3586425648E+013
  7.6488878080E+004  9.3622738072E+013
  7.6517941418E+004  9.3659086968E+013
  7.6547035063E+004  9.3695472331E+013
  7.6576159050E+004  9.3731894157E+013
  7.6605313415E+004  9.3768352441E+013
  7.6649101994E+004  9.3823108217E+013
  7.6678332452E+004  9.3859657630E+013
  7.6707593409E+004  9.3896243487E+013
  7.6736884898E+004  9.3932865788E+013
  7.6766206954E+004  9.3969524529E+013
  7.6795559611E+004  9.4006219707E+013
  7.6824942902E+004  9.4042951322E+013
  7.6854356862E+004  9.4079719372E+013
  7.6883801524E+004  9.4116523854E+013
  7.6913276921E+004  9.4153364769E+013
  7.6942783089E+004  9.4190242115E+013
  7.6972320058E+004  9.4227155892E+013
  7.7001887864E+004  9.4264106100E+013
  7.7031486539E+004  9.4301092737E+013
  7.7061116115E+004  9.4338115806E+013
  7.7090776627E+004  9.4375175305E+013
  7.7120468105E+004  9.4412271236E+013
  7.7150190584E+004  9.4449403599E+013
  7.7179944096E+004  9.4486572396E+013
  7.7209728672E+004  9.4523777627E+013
  7.7239544346E+004  9.4561019295E+013
  7.7269391148E+004  9.4598297401E+013
  7.7299269113E+004  9.4635611946E+013
  7.7329178270E+004  9.4672962934E+013
  7.7359118652E+004  9.4710350365E+013
  7.7389090290E+004  9.4747774242E+013
  7.7419093217E+004  9.4785234568E+013
  7.7449127463E+004  9.4822731345E+013
  7.7479193060E+004  9.4860264575E+013
  7.7509290038E+004  9.4897834263E+013
  7.7539418429E+004  9.4935440410E+013
  7.7569578264E+004  9.4973083020E+013
  7.7599769574E+004  9.5010762095E+013
  7.7629992389E+004  9.5048477639E+013
  7.7660246739E+004  9.5086229656E+013
  7.7690532656E+004  9.5124018147E+013
  7.7720850169E+004  9.5161843117E+013
  7.7751199309E+004  9.5199704570E+013
  7.7781580106E+004  9.5237602507E+013
  7.7811992589E+004  9.5275536934E+013
  7.7842436761E+004  9.5313507817E+013
  7.7872912533E+004  9.5351515014E+013
  7.7903419925E+004  9.5389558513E+013
  7.7933958963E+004  9.5427638317E+013
  7.7964529677E+004  9.5465754428E+013
  7.7995132096E+004  9.5503906849E+013
  7.8025766248E+004  9.5542095580E+013
  7.8056432160E+004  9.5580320626E+013
  7.8087129861E+004  9.5618581986E+013
  7.8117859380E+004  9.5656879664E+013
  7.8148620743E+004  9.5695213661E+013
  7.8179413979E+004  9.5733583979E+013
  7.8210239116E+004  9.5771990619E+013
  7.8225663656E+004  9.5791207560E+013
  7.8256536695E+004  9.5829668685E+013
  7.8287441703E+004  9.5868166135E+013
  7.8318378708E+004  9.5906699911E+013
  7.8349347737E+004  9.5945270013E+013
  7.8380348817E+004  9.5983876443E+013
  7.8411381975E+004  9.6022519200E+013
  7.8442447238E+004  9.6061198285E+013
  7.8473544633E+004  9.6099913698E+013
  7.8504674186E+004  9.6138665438E+013
  7.8535835925E+004  9.6177453505E+013
  7.8567029876E+004  9.6216277898E+013
  7.8598256065E+004  9.6255138616E+013
  7.8629514519E+004  9.6294035657E+013
  7.8660805264E+004  9.6332969021E+013
  7.8676462753E+004  9.6352449323E+013
  7.8707801984E+004  9.6391437167E+013
  7.8739173571E+004  9.6430461327E+013
  7.8770577541E+004  9.6469521801E+013
  7.8802013919E+004  9.6508618586E+013
  7.8833482731E+004  9.6547751679E+013
  7.8864984003E+004  9.6586921076E+013
  7.8896517761E+004  9.6626126773E+013
  7.8928084029E+004  9.6665368765E+013
  7.8959682835E+004  9.6704647047E+013
  7.8991314203E+004  9.6743961615E+013
  7.9007142105E+004  9.6763632504E+013
  7.9038822363E+004  9.6803001488E+013
  7.9070535247E+004  9.6842406743E+013
  7.9102280781E+004  9.6881848262E+013
  7.9134058991E+004  9.6921326038E+013
  7.9165869901E+004  9.6960840062E+013
  7.9197713537E+004  9.7000390328E+013
  7.9229589923E+004  9.7039976826E+013
  7.9261499084E+004  9.7079599548E+013
  7.9277465964E+004  9.7099424489E+013
  7.9309424334E+004  9.7139101528E+013
  7.9341415542E+004  9.7178814766E+013
  7.9373439611E+004  9.7218564192E+013
  7.9405496566E+004  9.7258349795E+013
  7.9437586432E+004  9.7298171562E+013
  7.9469709233E+004  9.7338029482E+013
  7.9501864993E+004  9.7377923541E+013
  7.9517955240E+004  9.7397884119E+013
  7.9550160485E+004  9.7438232271E+013
  7.9582398749E+004  9.7479209686E+013
  7.9614670057E+004  9.7520226717E+013
  7.9646974434E+004  9.7561283364E+013
  7.9679311903E+004  9.7602379627E+013
  7.9711682488E+004  9.7643515509E+013
  7.9727880206E+004  9.7664098305E+013
  7.9760300511E+004  9.7705293611E+013
  7.9792753991E+004  9.7746528532E+013
  7.9825240671E+004  9.7787803067E+013
  7.9857760575E+004  9.7829117213E+013
  7.9890313727E+004  9.7870470969E+013
  7.9906602778E+004  9.7891162700E+013
  7.9939205845E+004  9.7932575864E+013
  7.9971842219E+004  9.7974028629E+013
  8.0004511924E+004  9.8015520990E+013
  8.0037214982E+004  9.8057052942E+013
  8.0069951418E+004  9.8098624480E+013
  8.0102721256E+004  9.8140235599E+013
  8.0119118707E+004  9.8161056000E+013
  8.0151938690E+004  9.8202726480E+013
  8.0184792133E+004  9.8244436526E+013
  8.0217679060E+004  9.8286186129E+013
  8.0250599494E+004  9.8327975281E+013
  8.0267072283E+004  9.8348884686E+013
  8.0300043021E+004  9.8390733147E+013
  8.0333047324E+004  9.8432621136E+013
  8.0366085216E+004  9.8474548642E+013
  8.0399156720E+004  9.8516515656E+013
  8.0432261860E+004  9.8558522165E+013
  8.0448827051E+004  9.8579540228E+013
  8.0481982688E+004  9.8621605960E+013
  8.0515172019E+004  9.8663711158E+013
  8.0548395068E+004  9.8705855809E+013
  8.0581651758E+004  9.8748039775E+013
  8.0598292695E+004  9.8769146457E+013
  8.0631599767E+004  9.8811389210E+013
  8.0664940458E+004  9.8853671137E+013
  8.0698314788E+004  9.8895992220E+013
  8.0731722782E+004  9.8938352445E+013
  8.0748439410E+004  9.8959547230E+013
  8.0781897942E+004  9.9001966134E+013
  8.0815390194E+004  9.9044424134E+013
  8.0848916189E+004  9.9086921213E+013
  8.0882475950E+004  9.9129456847E+013
  8.0899268499E+004  9.9150738906E+013
  8.0932878949E+004  9.9193331511E+013
  8.0966523220E+004  9.9235962102E+013
  8.1000201334E+004  9.9278630682E+013
  8.1017053089E+004  9.9299979218E+013
  8.1050782008E+004  9.9342704785E+013
  8.1084544824E+004  9.9385468345E+013
  8.1118341558E+004  9.9428269899E+013
  8.1152172232E+004  9.9471109449E+013
  8.1169100303E+004  9.9492543472E+013
  8.1202981926E+004  9.9535440014E+013
  8.1236897542E+004  9.9578374550E+013
  8.1270847171E+004  9.9621347078E+013
  8.1287834746E+004  9.9642847590E+013
  8.1321835434E+004  9.9685877104E+013
  8.1355870186E+004  9.9728944606E+013
  8.1389939024E+004  9.9772050092E+013
  8.1424041967E+004  9.9815193558E+013
  8.1441106234E+004  9.9836779533E+013
  8.1475260373E+004  9.9879979963E+013
  8.1509448667E+004  9.9923218363E+013
  8.1543671136E+004  9.9966494727E+013
  8.1560795192E+004  9.9988147143E+013
  8.1595068961E+004  1.0003148044E+014
  8.1629376954E+004  1.0007485169E+014
  8.1663719190E+004  1.0011826088E+014
  8.1680903156E+004  1.0013997970E+014
  8.1715296793E+004  1.0018344578E+014
  8.1749724722E+004  1.0022694979E+014
  8.1784186961E+004  1.0027049171E+014
  8.1801430953E+004  1.0029227688E+014
  8.1835944693E+004  1.0033587565E+014
  8.1870492789E+004  1.0037951231E+014
  8.1887779727E+004  1.0040134484E+014
  8.1922379394E+004  1.0044503831E+014
  8.1957013464E+004  1.0048876963E+014
  8.1991681955E+004  1.0053253881E+014
  8.2009029115E+004  1.0055443758E+014
  8.2043749272E+004  1.0059826350E+014
  8.2078503895E+004  1.0064212723E+014
  8.2113293003E+004  1.0068602876E+014
  8.2130700494E+004  1.0070799370E+014
  8.2165541361E+004  1.0075195190E+014
  8.2200416756E+004  1.0079594786E+014
  8.2217867407E+004  1.0081796000E+014
  8.2252794628E+004  1.0086201257E+014
  8.2287756420E+004  1.0090610286E+014
  8.2322752801E+004  1.0095023086E+014
  8.2340263968E+004  1.0097230899E+014
  8.2375312264E+004  1.0101649350E+014
  8.2410395192E+004  1.0106071567E+014
  8.2427949648E+004  1.0108284086E+014
  8.2463084555E+004  1.0112711948E+014
  8.2498254135E+004  1.0117143569E+014
  8.2533458405E+004  1.0121578949E+014
  8.2551073554E+004  1.0123798048E+014
  8.2586329890E+004  1.0128239061E+014
  8.2621620957E+004  1.0132683827E+014
  8.2639279520E+004  1.0134907616E+014
  8.2674622714E+004  1.0139358006E+014
  8.2710000679E+004  1.0143812143E+014
  8.2727702706E+004  1.0146040616E+014
  8.2763132859E+004  1.0150500368E+014
  8.2798597824E+004  1.0154963861E+014
  8.2834097616E+004  1.0159431090E+014
  8.2851860577E+004  1.0161666106E+014
  8.2887412640E+004  1.0166138937E+014
  8.2922999569E+004  1.0170615498E+014
  8.2940806113E+004  1.0172855177E+014
  8.2976445371E+004  1.0177337328E+014
  8.3012119534E+004  1.0181823202E+014
  8.3029969710E+004  1.0184067535E+014
  8.3065696260E+004  1.0188558988E+014
  8.3101457754E+004  1.0193054156E+014
  8.3119351609E+004  1.0195303132E+014
  8.3155165546E+004  1.0199803867E+014
  8.3191014464E+004  1.0204308308E+014
  8.3208952046E+004  1.0206561918E+014
  8.3244853464E+004  1.0211071913E+014
  8.3280789901E+004  1.0215585606E+014
  8.3298771256E+004  1.0217843839E+014
  8.3334760249E+004  1.0222363072E+014
  8.3370784297E+004  1.0226885995E+014
  8.3388809461E+004  1.0229148837E+014
  8.3424885945E+004  1.0233677264E+014
  8.3460997313E+004  1.0238209344E+014
  8.3479066083E+004  1.0240476752E+014
  8.3515229805E+004  1.0245014305E+014
  8.3551428446E+004  1.0249555501E+014
  8.3569540866E+004  1.0251827464E+014
  8.3605791912E+004  1.0256374116E+014
  8.3642077912E+004  1.0260924402E+014
  8.3660234024E+004  1.0263200905E+014
  8.3696572481E+004  1.0267756632E+014
  8.3732945927E+004  1.0272315980E+014
  8.3751145774E+004  1.0274597010E+014
  8.3787571727E+004  1.0279161782E+014
  8.3824032702E+004  1.0283730165E+014
  8.3842276327E+004  1.0286015708E+014
  8.3878789860E+004  1.0290589497E+014
  8.3915338450E+004  1.0295166884E+014
  8.3933625894E+004  1.0297456926E+014
  8.3970227093E+004  1.0302039702E+014
  8.3988540849E+004  1.0304332435E+014
  8.4025194686E+004  1.0308920588E+014
  8.4061883632E+004  1.0313512320E+014
  8.4080241275E+004  1.0315809527E+014
  8.4116982909E+004  1.0320406617E+014
  8.4153759686E+004  1.0325007273E+014
  8.4172161257E+004  1.0327308937E+014
  8.4208990771E+004  1.0331914932E+014
  8.4245855461E+004  1.0336524479E+014
  8.4264301000E+004  1.0338830584E+014
  8.4301218477E+004  1.0343445447E+014
  8.4319690418E+004  1.0345754177E+014
  8.4356660711E+004  1.0350374185E+014
  8.4393666232E+004  1.0354997585E+014
  8.4412182206E+004  1.0357310557E+014
  8.4449240593E+004  1.0361939040E+014
  8.4486334238E+004  1.0366570907E+014
  8.4504894288E+004  1.0368888108E+014
  8.4542040848E+004  1.0373525044E+014
  8.4560627362E+004  1.0375844778E+014
  8.4597826865E+004  1.0380486775E+014
  8.4635061680E+004  1.0385132142E+014
  8.4653692333E+004  1.0387456088E+014
  8.4690980139E+004  1.0392106504E+014
  8.4709637296E+004  1.0394432973E+014
  8.4746978123E+004  1.0399088431E+014
  8.4784354313E+004  1.0403747247E+014
  8.4803055673E+004  1.0406077913E+014
  8.4840484932E+004  1.0410741761E+014
  8.4859212834E+004  1.0413074942E+014
  8.4896695191E+004  1.0417743817E+014
  8.4934212963E+004  1.0422416039E+014
  8.4952985133E+004  1.0424753406E+014
  8.4990556051E+004  1.0429430647E+014
  8.5009354801E+004  1.0431770522E+014
  8.5046978894E+004  1.0436464258E+014
  8.5084638453E+004  1.0441276467E+014
  8.5103481537E+004  1.0443684048E+014
  8.5141194319E+004  1.0448502160E+014
  8.5160064021E+004  1.0450912692E+014
  8.5197830056E+004  1.0455736708E+014
  8.5235631608E+004  1.0460564659E+014
  8.5254545707E+004  1.0462980111E+014
  8.5292400560E+004  1.0467813966E+014
  8.5311341317E+004  1.0470232371E+014
  8.5349249500E+004  1.0475072132E+014
  8.5387193252E+004  1.0479915832E+014
  8.5406178470E+004  1.0482339160E+014
  8.5444175601E+004  1.0487188769E+014
  8.5463187516E+004  1.0489615052E+014
  8.5501238054E+004  1.0494470575E+014
  8.5520276680E+004  1.0496899815E+014
  8.5558380655E+004  1.0501761253E+014
  8.5596520270E+004  1.0506626639E+014
  8.5615603447E+004  1.0509060812E+014
  8.5653796549E+004  1.0513932121E+014
  8.5672906476E+004  1.0516369258E+014
  8.5711153093E+004  1.0521246496E+014
  8.5730289785E+004  1.0523686599E+014
  8.5768589947E+004  1.0528569773E+014
  8.5806925821E+004  1.0533456907E+014
  8.5826107155E+004  1.0535901961E+014
  8.5864496623E+004  1.0540795042E+014
  8.5883704761E+004  1.0543243071E+014
  8.5922147852E+004  1.0548142108E+014
  8.5941382809E+004  1.0550593116E+014
  8.5979879552E+004  1.0555498116E+014
  8.6018412079E+004  1.0560407097E+014
  8.6037691765E+004  1.0562863082E+014
  8.6076277991E+004  1.0567778043E+014
  8.6095584535E+004  1.0570237020E+014
  8.6134224488E+004  1.0575157970E+014
  8.6153557902E+004  1.0577619945E+014
  8.6192251610E+004  1.0582546897E+014
  8.6211611908E+004  1.0585011876E+014
  8.6250359399E+004  1.0589944842E+014
  8.6269746594E+004  1.0592412830E+014
  8.6308547894E+004  1.0597351822E+014
  8.6347385082E+004  1.0602294839E+014
  8.6366817137E+004  1.0604767859E+014
  8.6400000000E+004  1.0608990567E+014
  8.6425167167E+004  1.0612192975E+014
  9.5060974524E+004  1.1725608556E+014
  1.0370396625E+005  1.2867823510E+014
  1.1234706866E+005  1.4017565854E+014
  1.2098753455E+005  1.5177491003E+014
  1.2961773115E+005  1.6337090904E+014
  1.3826237637E+005  1.7499086851E+014
  1.4689198059E+005  1.8653542781E+014
  1.5553219326E+005  1.9792796953E+014
  1.6417120078E+005  2.0927846210E+014
  1.7280849370E+005  2.2067959450E+014
  1.8144536402E+005  2.3217131318E+014
  1.9008452686E+005  2.4379626123E+014
  1.9872270402E+005  2.5560835484E+014
  2.0736217018E+005  2.6759049690E+014
  2.1600141441E+005  2.7960496099E+014
  2.2464107268E+005  2.9163179624E+014
  2.3328135653E+005  3.0366741553E+014
  2.4192125514E+005  3.1570822076E+014
  2.5056195771E+005  3.2774448487E+014
  2.5920107316E+005  3.3972284531E+014
  2.6784142104E+005  3.5162826536E+014
  2.7648190749E+005  3.6344305616E+014
  2.8512220671E+005  3.7515825028E+014
  2.9376192141E+005  3.8674265042E+014
  3.0240231517E+005  3.9821589281E+014
  3.1104203588E+005  4.0957955776E+014
  3.1968260449E+005  4.2086543560E+014
  3.2832256572E+005  4.3207470552E+014
  3.3696252919E+005  4.4324287953E+014
  3.4560321063E+005  4.5431832979E+014
  3.5424308604E+005  4.6532501145E+014
  3.6288337920E+005  4.7627466673E+014
  3.7152431057E+005  4.8716265776E+014
  3.8016293592E+005  4.9798404722E+014
  3.8880251308E+005  5.0870596077E+014
  3.9744397436E+005  5.1928145228E+014
  4.0608311130E+005  5.2970260905E+014
  4.1472352593E+005  5.4000368661E+014
  4.2336547991E+005  5.5021872615E+014
  4.3200469735E+005  5.6025094449E+014
  4.4064532181E+005  5.6990555395E+014
  4.4928562926E+005  5.7901586496E+014
  4.5792471447E+005  5.8749455651E+014
  4.6656481915E+005  5.9519964090E+014
  4.7520565932E+005  6.0165017040E+014
  4.8384573369E+005  6.0663406067E+014
  4.9248567536E+005  6.0993624329E+014
  5.0112581984E+005  6.1193101841E+014
  5.0976452120E+005  6.1288104829E+014
  5.1840697754E+005  6.1287009582E+014
  5.2704552224E+005  6.1177949150E+014
  5.3568556932E+005  6.0952815215E+014
  5.4432778019E+005  6.0595886795E+014
  5.5296914247E+005  6.0074523828E+014
  5.6160568011E+005  5.9321692303E+014
  5.7024877851E+005  5.8315263407E+014
  5.7888633487E+005  5.6836349738E+014
  5.8752484489E+005  5.4527863682E+014
  5.9616514569E+005  5.4527269074E+014
  6.0480714953E+005  5.4743963277E+014
  6.1344908861E+005  5.5086604005E+014
  6.2208771496E+005  5.5494203674E+014
  6.3072846736E+005  5.5935931456E+014
  6.3937036911E+005  5.6383166646E+014
  6.4800696149E+005  5.6798235309E+014
  6.5664949071E+005  5.7156141674E+014
  6.6528642956E+005  5.7443153990E+014
  6.7392940297E+005  5.7647693749E+014
  6.8256942459E+005  5.7725878623E+014
  6.9120867778E+005  5.7437791050E+014
  6.9984607219E+005  5.6686458360E+014
  7.0849071085E+005  5.6216745564E+014
  7.1712618950E+005  5.6098119239E+014
  7.2576861234E+005  5.6203633470E+014
  7.3440875793E+005  5.6437281835E+014
  7.4305237518E+005  5.6732543397E+014
  7.5168760293E+005  5.7045729041E+014
  7.6032873260E+005  5.7344722877E+014
  7.6897315998E+005  5.7613853175E+014
  7.7761287815E+005  5.7856596776E+014
  7.8625133611E+005  5.8083826633E+014
  7.9489336502E+005  5.8309434935E+014
  8.0353332866E+005  5.8545049534E+014
  8.1217079864E+005  5.8796906499E+014
  8.2080903661E+005  5.9071226111E+014
  8.2945334844E+005  5.9371853031E+014
  8.3809123710E+005  5.9697808783E+014
  8.4673222829E+005  6.0047337389E+014
  8.5537052571E+005  6.0417643906E+014
  8.6401504267E+005  6.0806083656E+014
  8.7265046514E+005  6.1208579493E+014
  8.8129677813E+005  6.1623849440E+014
  8.8993664820E+005  6.2049707740E+014
  8.9857669761E+005  6.2485523744E+014
  9.0721236505E+005  6.2929818036E+014
  9.1585652179E+005  6.3382564639E+014
  9.2449012911E+005  6.3842051647E+014
  9.3312916222E+005  6.4308842957E+014
  9.4177064749E+005  6.4780894999E+014
  9.5041867957E+005  6.5256158695E+014
  9.5905101980E+005  6.5732958308E+014
  9.6769632821E+005  6.6211462699E+014
  9.7633629677E+005  6.6691152666E+014
  9.8497667937E+005  6.7171395539E+014
  9.9361490908E+005  6.7652549021E+014
  1.0022571355E+006  6.8146021047E+014
  1.0108950007E+006  6.8697710159E+014
  1.0195348362E+006  6.9268378131E+014
  1.0281807480E+006  6.9838938204E+014
  1.0368194022E+006  7.0407509940E+014
  1.0454546715E+006  7.0975859794E+014
  1.0540919885E+006  7.1543904037E+014
  1.0627371464E+006  7.2112938608E+014
  1.0713831844E+006  7.2683544853E+014
  1.0800201755E+006  7.3255366698E+014
  1.0886594878E+006  7.3827658927E+014
  1.0972950114E+006  7.4400437532E+014
  1.1059427492E+006  7.4974385126E+014
  1.1145745832E+006  7.5548508531E+014
  1.1232135467E+006  7.6124557075E+014
  1.1318584799E+006  7.6701597479E+014
  1.1404949811E+006  7.7277954099E+014
  1.1491337169E+006  7.7854715255E+014
  1.1577847136E+006  7.8432664187E+014
  1.1664138938E+006  7.9006189500E+014
  1.1750660153E+006  7.9552237231E+014
  1.1837010591E+006  8.0048068854E+014
  1.1923362805E+006  8.0531680225E+014
  1.2009761785E+006  8.1017369256E+014
  1.2096261869E+006  8.1505408589E+014
  1.2182630428E+006  8.1994252581E+014
  1.2269072659E+006  8.2485085379E+014
  1.2355501194E+006  8.2977443665E+014
  1.2441820042E+006  8.3470423499E+014
  1.2528233096E+006  8.3964924182E+014
  1.2614631803E+006  8.4460534343E+014
  1.2701081730E+006  8.4957447102E+014
  1.2787366115E+006  8.5454304839E+014
  1.2873781701E+006  8.5952701232E+014
  1.2960169965E+006  8.6451646138E+014
  1.3046704132E+006  8.6951885320E+014
  1.3133058149E+006  8.7451494132E+014
  1.3219408550E+006  8.7951479226E+014
  1.3305867757E+006  8.8452340960E+014
  1.3392322145E+006  8.8953248519E+014
  1.3478678738E+006  8.9453662640E+014
  1.3565098465E+006  8.9954317719E+014
  1.3651476261E+006  9.0454616847E+014
  1.3737857906E+006  9.0954752169E+014
  1.3824260317E+006  9.1454704413E+014
