  8.7003901158E+004  2.3802579574E+003
  8.7063366138E+004  2.3802757021E+003
  8.7124357806E+004  2.3802936826E+003
  8.7182364135E+004  2.3803105770E+003
  8.7244072859E+004  2.3803283289E+003
  8.7302841901E+004  2.3803450236E+003
  8.7363037231E+004  2.3803619096E+003
  8.7422511802E+004  2.3803783810E+003
  8.7483339747E+004  2.3803950085E+003
  8.7543390177E+004  2.3804112067E+003
  8.7602667662E+004  2.3804269851E+003
  8.7663193133E+004  2.3804428790E+003
  8.7722917758E+004  2.3804583481E+003
  8.7783806873E+004  2.3804738993E+003
  8.7841953811E+004  2.3804885430E+003
  8.7903176693E+004  2.3805037427E+003
  8.7963588145E+004  2.3805185210E+003
  8.8023185720E+004  2.3805328860E+003
  8.8081971962E+004  2.3805468469E+003
  8.8143534430E+004  2.3805612451E+003
  8.8202418413E+004  2.3805748043E+003
  8.8262161434E+004  2.3805883487E+003
  8.8322661879E+004  2.3806018465E+003
  8.8382160196E+004  2.3806149063E+003
  8.8442323025E+004  2.3806278956E+003
  8.8503063580E+004  2.3806407890E+003
  8.8562717366E+004  2.3806532357E+003
  8.8622822180E+004  2.3806655599E+003
  8.8681802364E+004  2.3806774421E+003
  8.8742712363E+004  2.3806894929E+003
  8.8802419958E+004  2.3807010886E+003
  8.8862353179E+004  2.3807125119E+003
  8.8922379869E+004  2.3807237355E+003
  8.8982337610E+004  2.3807347287E+003
  8.9041963972E+004  2.3807454455E+003
  8.9101303822E+004  2.3807558972E+003
  8.9161857818E+004  2.3807663428E+003
  8.9222446955E+004  2.3807765719E+003
  8.9281790396E+004  2.3807863748E+003
  8.9342046350E+004  2.3807961097E+003
  8.9401993791E+004  2.3808055753E+003
  8.9461520549E+004  2.3808147586E+003
  8.9520993842E+004  2.3808237179E+003
  8.9581089611E+004  2.3808325523E+003
  8.9641231853E+004  2.3808411726E+003
  8.9700832240E+004  2.3808494975E+003
  8.9760844028E+004  2.3808576631E+003
  8.9821412510E+004  7.6276272104E+003
  8.9880829721E+004  7.2088593747E+003
  8.9940778738E+004  8.2668563623E+003
  9.0001352198E+004  1.1515418962E+004
  9.0061169746E+004  2.6774125717E+004
  9.0120908270E+004  6.4157845124E+004
  9.0181784736E+004  1.1318318494E+005
  9.0241895777E+004  1.7016811878E+005
  9.0301885647E+004  2.0427431196E+005
  9.0361270741E+004  2.2373087251E+005
  9.0421778586E+004  2.2740330135E+005
  9.0482010424E+004  2.2053097228E+005
  9.0541490132E+004  2.0834842052E+005
  9.0602518787E+004  1.9345215568E+005
  9.0662089922E+004  1.7916581120E+005
  9.0722893004E+004  1.6585437524E+005
  9.0781658308E+004  1.5503396800E+005
  9.0843013658E+004  1.4661697739E+005
  9.0901826343E+004  1.4156081418E+005
  9.0963117590E+004  1.3789165960E+005
  9.1023202302E+004  1.3383414998E+005
  9.1083757187E+004  1.2904751341E+005
  9.1142604681E+004  1.2426565177E+005
  9.1203686540E+004  1.1960603809E+005
  9.1262659957E+004  1.1545339640E+005
  9.1323750169E+004  1.1156583594E+005
  9.1384659731E+004  1.0808344297E+005
  9.1442768434E+004  1.0508503586E+005
  9.1502752851E+004  1.0227184987E+005
  9.1564678425E+004  9.9635831219E+004
  9.1623205232E+004  9.7356089482E+004
  9.1683470134E+004  9.5203555960E+004
  9.1745523921E+004  9.3169079517E+004
  9.1803531548E+004  9.1403423624E+004
  9.1863099657E+004  8.9723471629E+004
  9.1924268786E+004  8.8124768224E+004
  9.1983899785E+004  8.6676526207E+004
  9.2045048296E+004  8.5291171510E+004
  9.2104410795E+004  8.4033890150E+004
  9.2165198313E+004  8.2824185539E+004
  9.2223945304E+004  8.1720247449E+004
  9.2284017753E+004  8.0656237750E+004
  9.2345442561E+004  7.9630782178E+004
  9.2404513925E+004  7.8699224502E+004
  9.2464830405E+004  7.7797984125E+004
  9.2526415364E+004  7.6924009539E+004
  9.2585324383E+004  7.6130821579E+004
  9.2645388953E+004  7.5368801138E+004
  9.2706629223E+004  7.4630655705E+004
  9.2764865574E+004  7.3959813124E+004
  9.2828437000E+004  7.3257406804E+004
  9.2884531477E+004  7.2662673388E+004
  9.2945995100E+004  7.2034994069E+004
  9.3008568847E+004  7.1419182400E+004
  9.3067682348E+004  7.0856105943E+004
  9.3127782302E+004  7.0299528626E+004
  9.3188883039E+004  6.9754983001E+004
  9.3246184524E+004  6.9266855520E+004
  9.3309250746E+004  6.8750300440E+004
  9.3368391716E+004  6.8282642031E+004
  9.3428433795E+004  6.7822293285E+004
  9.3489388960E+004  6.7367782331E+004
  9.3546077013E+004  6.6955456237E+004
  9.3608816327E+004  6.6509704092E+004
  9.3667160690E+004  6.6104716848E+004
  9.3726312172E+004  6.5704089040E+004
  9.3786280638E+004  6.5308530599E+004
  9.3847076064E+004  6.4917251160E+004
  9.3908708526E+004  6.4530648747E+004
  9.3971188205E+004  6.4151784123E+004
  9.4028731754E+004  6.3813381546E+004
  9.4086991787E+004  6.3479993680E+004
  9.4145976182E+004  6.3151080773E+004
  9.4211705157E+004  6.2794281167E+004
  9.4266149974E+004  6.2506354162E+004
  9.4327355524E+004  6.2190319521E+004
  9.4389317748E+004  6.1877956145E+004
  9.4452044932E+004  6.1568851252E+004
  9.4509023276E+004  6.1293773225E+004
  9.4571994882E+004  6.0996075036E+004
  9.4628310377E+004  6.0735996584E+004
  9.4690569324E+004  6.0454826053E+004
  9.4746393138E+004  6.0208094411E+004
  9.4808271335E+004  5.9940152120E+004
  9.4870082976E+004  5.9677854358E+004
  9.4931922390E+004  5.9420937528E+004
  9.4987681332E+004  5.9193975771E+004
  9.5049841387E+004  5.8945438178E+004
  9.5112315875E+004  5.8700018570E+004
  9.5168897739E+004  5.8481694801E+004
  9.5232259107E+004  5.8241974242E+004
  9.5289815856E+004  5.8028436274E+004
  9.5347962384E+004  5.7816547588E+004
  9.5406784737E+004  5.7605861423E+004
  9.5473044078E+004  5.7372640521E+004
  9.5526816893E+004  5.7186376433E+004
  9.5588215494E+004  5.6976806535E+004
  9.5650668177E+004  5.6766830612E+004
  9.5707151145E+004  5.6579685789E+004
  9.5771884500E+004  5.6368887319E+004
  9.5830571767E+004  5.6181121962E+004
  9.5890425326E+004  5.5992720775E+004
  9.5951532762E+004  5.5803402750E+004
  9.6013985652E+004  5.5612863566E+004
  9.6069810861E+004  5.5444918301E+004
  9.6135048379E+004  5.5251308551E+004
  9.6193450105E+004  5.5080250703E+004
  9.6252586237E+004  5.4909086362E+004
  9.6312217565E+004  5.4738497004E+004
  9.6372347899E+004  5.4568558104E+004
  9.6432981081E+004  5.4399278556E+004
  9.6494120984E+004  5.4230572176E+004
  9.6555771510E+004  5.4062534013E+004
  9.6609024213E+004  5.3919021452E+004
  9.6671633498E+004  5.3752152866E+004
  9.6734764727E+004  5.3585852003E+004
  9.6789295682E+004  5.3443767226E+004
  9.6853406933E+004  5.3278554106E+004
  9.6918051708E+004  5.3113931120E+004
  9.6973889274E+004  5.2973275651E+004
  9.7030124452E+004  5.2833010046E+004
  9.7096238204E+004  5.2669846855E+004
  9.7153343918E+004  5.2530469350E+004
  9.7210855636E+004  5.2391556189E+004
  9.7278469377E+004  5.2230050297E+004
  9.7336870030E+004  5.2092116265E+004
  9.7395685278E+004  5.1954660866E+004
  9.7454917873E+004  5.1817689240E+004
  9.7514570589E+004  5.1681197575E+004
  9.7574646220E+004  5.1545114073E+004
  9.7635147579E+004  5.1409430163E+004
  9.7696077501E+004  5.1274149599E+004
  9.7757438840E+004  5.1139304498E+004
  9.7819234470E+004  5.1004958535E+004
  9.7871064666E+004  5.0893412557E+004
  9.7933664030E+004  5.0760046248E+004
  9.7996705940E+004  5.0627017948E+004
  9.8060193352E+004  5.0494296094E+004
  9.8113441985E+004  5.0383931764E+004
  9.8177753886E+004  5.0251765240E+004
  9.8231693799E+004  5.0141827685E+004
  9.8296840314E+004  5.0010158023E+004
  9.8351479997E+004  4.9900663149E+004
  9.8417471380E+004  4.9769580646E+004
  9.8472819432E+004  4.9660627567E+004
  9.8539666064E+004  4.9530238142E+004
  9.8595731191E+004  4.9421880611E+004
  9.8652125168E+004  4.9313798435E+004
  9.8720234603E+004  4.9184464749E+004
  9.8777358512E+004  4.9076990312E+004
  9.8834817167E+004  4.8969789604E+004
  9.8892612433E+004  4.8862859181E+004
  9.8962413717E+004  4.8734900655E+004
  9.9020956135E+004  4.8628578427E+004
  9.9079841196E+004  4.8522553465E+004
  9.9139070806E+004  4.8416839523E+004
  9.9198646879E+004  4.8311436609E+004
  9.9258571342E+004  4.8206278509E+004
  9.9318846130E+004  4.8101353344E+004
  9.9379473188E+004  4.7996665201E+004
  9.9440454475E+004  4.7892215923E+004
  9.9501791960E+004  4.7787984497E+004
  9.9563487628E+004  4.7683962120E+004
  9.9613103395E+004  4.7600906577E+004
  9.9675448835E+004  4.7497297520E+004
  9.9738158086E+004  4.7393927211E+004
  9.9801233184E+004  4.7290799917E+004
  9.9864676181E+004  4.7187920017E+004
  9.9915696851E+004  4.7105797054E+004
  9.9979807275E+004  4.7003372834E+004
  1.0004429141E+005  4.6901207983E+004
  1.0009614921E+005  4.6819665846E+004
  1.0016131134E+005  4.6717958984E+004
  1.0021371428E+005  4.6636774863E+004
  1.0027956130E+005  4.6535529687E+004
  1.0034579182E+005  4.6434519912E+004
  1.0039905382E+005  4.6353824853E+004
  1.0046598012E+005  4.6253101233E+004
  1.0051980158E+005  4.6172645092E+004
  1.0057387351E+005  4.6092302704E+004
  1.0064181739E+005  4.5992041919E+004
  1.0069645705E+005  4.5911973318E+004
  1.0076511422E+005  4.5812070908E+004
  1.0082032743E+005  4.5732301273E+004
  1.0087579743E+005  4.5652671314E+004
  1.0094549782E+005  4.5553335171E+004
  1.0100154986E+005  4.5474030317E+004
  1.0105786251E+005  4.5394873411E+004
  1.0111443694E+005  4.5315866401E+004
  1.0118552493E+005  4.5217321926E+004
  1.0124269273E+005  4.5138661135E+004
  1.0130012621E+005  4.5060158338E+004
  1.0135782656E+005  4.4981804991E+004
  1.0141579501E+005  4.4903589031E+004
  1.0148863442E+005  4.4806006037E+004
  1.0154721053E+005  4.4728087988E+004
  1.0160605871E+005  4.4650302026E+004
  1.0166518019E+005  4.4572648852E+004
  1.0172457621E+005  4.4495122430E+004
  1.0178424802E+005  4.4417721012E+004
  1.0184419686E+005  4.4340450044E+004
  1.0190442400E+005  4.4263312390E+004
  1.0196493068E+005  4.4186310903E+004
  1.0202571818E+005  4.4109448462E+004
  1.0208678775E+005  4.4032727999E+004
  1.0214814068E+005  4.3956152614E+004
  1.0220977822E+005  4.3879725558E+004
  1.0225619393E+005  4.3822503445E+004
  1.0231833265E+005  4.3746333418E+004
  1.0238075952E+005  4.3670301878E+004
  1.0244347584E+005  4.3594405693E+004
  1.0250648291E+005  4.3518643558E+004
  1.0256978206E+005  4.3443015158E+004
  1.0261744889E+005  4.3386381862E+004
  1.0268126236E+005  4.3310988933E+004
  1.0274537157E+005  4.3235732328E+004
  1.0280977786E+005  4.3160598368E+004
  1.0285827837E+005  4.3104321618E+004
  1.0292320785E+005  4.3029391187E+004
  1.0298843817E+005  4.2954586005E+004
  1.0303755918E+005  4.2898553487E+004
  1.0310331934E+005  4.2823937170E+004
  1.0316938417E+005  4.2749431357E+004
  1.0321913360E+005  4.2693624086E+004
  1.0328573503E+005  4.2619309240E+004
  1.0335264504E+005  4.2545102397E+004
  1.0340303092E+005  4.2489518429E+004
  1.0347048441E+005  4.2415502254E+004
  1.0352127957E+005  4.2360062784E+004
  1.0358928100E+005  4.2286241796E+004
  1.0364048879E+005  4.2230950856E+004
  1.0370904265E+005  4.2157330998E+004
  1.0376066647E+005  4.2102193308E+004
  1.0382977731E+005  4.2028781053E+004
  1.0388182058E+005  4.1973801563E+004
  1.0395149301E+005  4.1900603605E+004
  1.0400395920E+005  4.1845786776E+004
  1.0407419786E+005  4.1772805516E+004
  1.0412709048E+005  4.1718149305E+004
  1.0418016694E+005  4.1663560659E+004
  1.0425122265E+005  4.1590879992E+004
  1.0430473061E+005  4.1536446296E+004
  1.0435842460E+005  4.1482077633E+004
  1.0443030710E+005  4.1409687447E+004
  1.0448443772E+005  4.1355471458E+004
  1.0453875659E+005  4.1301322822E+004
  1.0461147574E+005  4.1229235924E+004
  1.0466623646E+005  4.1175253104E+004
  1.0472118768E+005  4.1121336709E+004
  1.0479475347E+005  4.1049531996E+004
  1.0485015183E+005  4.0995741568E+004
  1.0490574295E+005  4.0942006343E+004
  1.0496152754E+005  4.0888326987E+004
  1.0503620911E+005  4.0816842436E+004
  1.0509244780E+005  4.0763295752E+004
  1.0514888225E+005  4.0709807003E+004
  1.0520551317E+005  4.0656376912E+004
  1.0526234126E+005  4.0603006255E+004
  1.0531936722E+005  4.0549695852E+004
  1.0539571085E+005  4.0478710270E+004
  1.0545320124E+005  4.0425542756E+004
  1.0551089186E+005  4.0372437245E+004
  1.0556878341E+005  4.0319394436E+004
  1.0562687660E+005  4.0266414830E+004
  1.0568517215E+005  4.0213498675E+004
  1.0574367075E+005  4.0160646128E+004
  1.0580237314E+005  4.0107857380E+004
  1.0586128001E+005  4.0055132706E+004
  1.0592039209E+005  4.0002472482E+004
  1.0599952866E+005  3.9932352842E+004
  1.0605912236E+005  3.9879827628E+004
  1.0611892255E+005  3.9827359759E+004
  1.0617891711E+005  3.9774969527E+004
  1.0623910295E+005  3.9722661665E+004
  1.0629948063E+005  3.9670434416E+004
  1.0636005069E+005  3.9618283254E+004
  1.0640053788E+005  3.9583553704E+004
  1.0646142979E+005  3.9531514188E+004
  1.0652251553E+005  3.9479539751E+004
  1.0658379567E+005  3.9427630207E+004
  1.0664527074E+005  3.9375785719E+004
  1.0670694130E+005  3.9324006659E+004
  1.0676880791E+005  3.9272293539E+004
  1.0683087113E+005  3.9220646976E+004
  1.0689313150E+005  3.9169067664E+004
  1.0695558959E+005  3.9117556358E+004
  1.0701824596E+005  3.9066113821E+004
  1.0708110117E+005  3.9014740711E+004
  1.0712311539E+005  3.8980530789E+004
  1.0718630325E+005  3.8929274403E+004
  1.0724969147E+005  3.8878088479E+004
  1.0731328057E+005  3.8826973305E+004
  1.0737707112E+005  3.8775929166E+004
  1.0744106369E+005  3.8724956315E+004
  1.0748383793E+005  3.8691014097E+004
  1.0754816847E+005  3.8640160405E+004
  1.0761270257E+005  3.8589378503E+004
  1.0767744080E+005  3.8538668764E+004
  1.0774238373E+005  3.8488032111E+004
  1.0778579303E+005  3.8454319134E+004
  1.0785107843E+005  3.8403811053E+004
  1.0791657008E+005  3.8353372816E+004
  1.0798226857E+005  3.8303003102E+004
  1.0802618276E+005  3.8269461227E+004
  1.0809222729E+005  3.8219205448E+004
  1.0815848022E+005  3.8169018469E+004
  1.0820276491E+005  3.8135598970E+004
  1.0826936649E+005  3.8085527328E+004
  1.0833617806E+005  3.8035517912E+004
  1.0840320020E+005  3.7985568515E+004
  1.0844799890E+005  3.7952302701E+004
  1.0851537332E+005  3.7902455233E+004
  1.0858295991E+005  3.7852669841E+004
  1.0862813581E+005  3.7819514349E+004
  1.0869607734E+005  3.7769833657E+004
  1.0876423265E+005  3.7720216486E+004
  1.0880978858E+005  3.7687173924E+004
  1.0887830152E+005  3.7637663815E+004
  1.0892409644E+005  3.7604693145E+004
  1.0899296870E+005  3.7555291688E+004
  1.0906205736E+005  3.7505956203E+004
  1.0910823699E+005  3.7473102472E+004
  1.0917768768E+005  3.7423875060E+004
  1.0922410924E+005  3.7391091281E+004
  1.0929392368E+005  3.7341966508E+004
  1.0936395718E+005  3.7292902420E+004
  1.0941076819E+005  3.7260226697E+004
  1.0948116818E+005  3.7211263734E+004
  1.0952822409E+005  3.7178655647E+004
  1.0959899230E+005  3.7129794681E+004
  1.0964629427E+005  3.7097255049E+004
  1.0971743243E+005  3.7048500610E+004
  1.0976498161E+005  3.7016036723E+004
  1.0983649146E+005  3.6967399519E+004
  1.0988428903E+005  3.6935014815E+004
  1.0995617233E+005  3.6886497539E+004
  1.1000421944E+005  3.6854192500E+004
  1.1007647795E+005  3.6805794789E+004
  1.1012477579E+005  3.6773569674E+004
  1.1019741128E+005  3.6725291641E+004
  1.1024596102E+005  3.6693143247E+004
  1.1031897526E+005  3.6644972991E+004
  1.1036777809E+005  3.6612893930E+004
  1.1044117282E+005  3.6564826017E+004
  1.1049022991E+005  3.6532814040E+004
  1.1056400691E+005  3.6484845603E+004
  1.1061331944E+005  3.6452899609E+004
  1.1068748051E+005  3.6405030183E+004
  1.1073704969E+005  3.6373150435E+004
  1.1078672186E+005  3.6341297416E+004
  1.1086142367E+005  3.6293568390E+004
  1.1091135419E+005  3.6261782989E+004
  1.1098644442E+005  3.6214156326E+004
  1.1103663449E+005  3.6182439810E+004
  1.1108692873E+005  3.6150751203E+004
  1.1116256583E+005  3.6103271049E+004
  1.1121312133E+005  3.6071653065E+004
  1.1128915125E+005  3.6024279745E+004
  1.1133996925E+005  3.5992733588E+004
  1.1139089260E+005  3.5961216506E+004
  1.1146747558E+005  3.5913995110E+004
  1.1151866315E+005  3.5882538506E+004
  1.1156995677E+005  3.5851103691E+004
  1.1164709645E+005  3.5803996442E+004
  1.1169865603E+005  3.5772622705E+004
  1.1175032234E+005  3.5741274497E+004
  1.1182802239E+005  3.5694301140E+004
  1.1187995643E+005  3.5663018778E+004
  1.1193199790E+005  3.5631762400E+004
  1.1201026200E+005  3.5584924528E+004
  1.1206257296E+005  3.5553730167E+004
  1.1211499206E+005  3.5522560762E+004
  1.1216751952E+005  3.5491416677E+004
  1.1224651429E+005  3.5444748962E+004
  1.1229931351E+005  3.5413670098E+004
  1.1235222179E+005  3.5382618144E+004
  1.1243178914E+005  3.5336091980E+004
  1.1248497097E+005  3.5305110460E+004
  1.1253826258E+005  3.5274158304E+004
  1.1259166418E+005  3.5243235898E+004
  1.1267197325E+005  3.5196908714E+004
  1.1272565072E+005  3.5166061799E+004
  1.1277943890E+005  3.5135245327E+004
  1.1283333800E+005  3.5104459435E+004
  1.1288734822E+005  3.5073704293E+004
  1.1296857237E+005  3.5027629697E+004
  1.1302286132E+005  3.4996952406E+004
  1.1307726213E+005  3.4966306723E+004
  1.1313177501E+005  3.4935692956E+004
  1.1321375491E+005  3.4889832861E+004
  1.1326854888E+005  3.4859300336E+004
  1.1332345565E+005  3.4828800926E+004
  1.1337847544E+005  3.4798334998E+004
  1.1343360846E+005  3.4767902854E+004
  1.1348885493E+005  3.4737504320E+004
  1.1357193779E+005  3.4691968440E+004
  1.1362746879E+005  3.4661652132E+004
  1.1368311398E+005  3.4631368583E+004
  1.1373887357E+005  3.4601117870E+004
  1.1379474778E+005  3.4570900079E+004
  1.1385073682E+005  3.4540715308E+004
  1.1393493616E+005  3.4495500362E+004
  1.1399121323E+005  3.4465398794E+004
  1.1404760589E+005  3.4435331170E+004
  1.1410411435E+005  3.4405298365E+004
  1.1416073883E+005  3.4375298069E+004
  1.1421747954E+005  3.4345323236E+004
  1.1427433669E+005  3.4315377942E+004
  1.1433131051E+005  3.4285464005E+004
  1.1441699045E+005  3.4240654420E+004
  1.1447425688E+005  3.4210823597E+004
  1.1453164074E+005  3.4181027513E+004
  1.1458914225E+005  3.4151266914E+004
  1.1464676163E+005  3.4121542512E+004
  1.1470449910E+005  3.4091855095E+004
  1.1476235489E+005  3.4062205372E+004
  1.1482032922E+005  3.4032593794E+004
  1.1487842230E+005  3.4003020686E+004
  1.1493663436E+005  3.3973486111E+004
  1.1499496563E+005  3.3943989849E+004
  1.1505341633E+005  3.3914531702E+004
  1.1511198668E+005  3.3885111604E+004
  1.1517067690E+005  3.3855729610E+004
  1.1522948723E+005  3.3826385868E+004
  1.1531792841E+005  3.3782442457E+004
  1.1537703998E+005  3.3753195384E+004
  1.1543627244E+005  3.3723987499E+004
  1.1549562603E+005  3.3694819145E+004
  1.1555510096E+005  3.3665690680E+004
  1.1561469746E+005  3.3636602478E+004
  1.1567441577E+005  3.3607554910E+004
  1.1573425610E+005  3.3578548329E+004
  1.1579421870E+005  3.3549582594E+004
  1.1585430379E+005  3.3520656742E+004
  1.1591451160E+005  3.3491770533E+004
  1.1597484236E+005  3.3462923723E+004
  1.1603529629E+005  3.3434116102E+004
  1.1609587364E+005  3.3405347498E+004
  1.1615657464E+005  3.3376617767E+004
  1.1621739950E+005  3.3347926787E+004
  1.1627834848E+005  3.3319274377E+004
  1.1633942180E+005  3.3290660188E+004
  1.1640061969E+005  3.3262083781E+004
  1.1643126542E+005  3.3247809619E+004
  1.1649265061E+005  3.3219289170E+004
  1.1655416096E+005  3.3190805658E+004
  1.1661579670E+005  3.3162358866E+004
  1.1667755808E+005  3.3133948645E+004
  1.1673944531E+005  3.3105574894E+004
  1.1680145865E+005  3.3077237434E+004
  1.1686359833E+005  3.3048936047E+004
  1.1692586457E+005  3.3020670507E+004
  1.1698825764E+005  3.2992440599E+004
  1.1705077774E+005  3.2964246122E+004
  1.1711342514E+005  3.2936086893E+004
  1.1717620006E+005  3.2907962746E+004
  1.1723910275E+005  3.2879874678E+004
  1.1730213344E+005  3.2851825733E+004
  1.1733369686E+005  3.2837815898E+004
  1.1739692000E+005  3.2809825151E+004
  1.1746027175E+005  3.2781872557E+004
  1.1752375234E+005  3.2753957648E+004
  1.1758736201E+005  3.2726079924E+004
  1.1765110101E+005  3.2698238796E+004
  1.1771496958E+005  3.2670433624E+004
  1.1777896795E+005  3.2642663794E+004
  1.1784309637E+005  3.2614928736E+004
  1.1787520943E+005  3.2601074086E+004
  1.1793953338E+005  3.2573390246E+004
  1.1800398800E+005  3.2545739998E+004
  1.1806857351E+005  3.2518122957E+004
  1.1813329015E+005  3.2490538776E+004
  1.1819813817E+005  3.2462987142E+004
  1.1826311782E+005  3.2435467771E+004
  1.1829565708E+005  3.2421720102E+004
  1.1836083462E+005  3.2394248650E+004
  1.1842614440E+005  3.2366808858E+004
  1.1849158667E+005  3.2339400533E+004
  1.1855716167E+005  3.2312023494E+004
  1.1862286966E+005  3.2284677520E+004
  1.1865577360E+005  3.2271016104E+004
  1.1872168153E+005  3.2243716246E+004
  1.1878772306E+005  3.2216446766E+004
  1.1885389845E+005  3.2189207295E+004
  1.1892020795E+005  3.2161997392E+004
  1.1895341307E+005  3.2148403385E+004
  1.1901992419E+005  3.2121236973E+004
  1.1908657006E+005  3.2094097353E+004
  1.1915335091E+005  3.2066972070E+004
  1.1922026700E+005  3.2039843952E+004
  1.1925377584E+005  3.2026282333E+004
  1.1932089527E+005  3.1999166625E+004
  1.1938815057E+005  3.1972062940E+004
  1.1945554200E+005  3.1944972941E+004
  1.1952306981E+005  3.1917897849E+004
  1.1955688495E+005  3.1904366200E+004
  1.1962461782E+005  3.1877315208E+004
  1.1969248771E+005  3.1850281213E+004
  1.1976049489E+005  3.1823264835E+004
  1.1979455004E+005  3.1809763510E+004
  1.1986276362E+005  3.1782776501E+004
  1.1993111512E+005  3.1755812362E+004
  1.1999960482E+005  3.1728871731E+004
  1.2006823295E+005  3.1701954770E+004
  1.2010259901E+005  3.1688505174E+004
  1.2017143530E+005  3.1661623736E+004
  1.2024041068E+005  3.1634765933E+004
  1.2027495061E+005  3.1621345872E+004
  1.2034413512E+005  3.1594523373E+004
  1.2041345938E+005  3.1567724286E+004
  1.2048292365E+005  3.1540948500E+004
  1.2051770837E+005  3.1527569310E+004
  1.2058738314E+005  3.1500828272E+004
  1.2065719858E+005  3.1474110269E+004
  1.2072715495E+005  3.1447416172E+004
  1.2076218607E+005  3.1434078604E+004
  1.2083235434E+005  3.1407422496E+004
  1.2090266420E+005  3.1380792085E+004
  1.2093787231E+005  3.1367486648E+004
  1.2100839506E+005  3.1340895567E+004
  1.2107906008E+005  3.1314331209E+004
  1.2114986762E+005  3.1287793933E+004
  1.2118532492E+005  3.1274535548E+004
  1.2125634675E+005  3.1248039455E+004
  1.2132751178E+005  3.1221571137E+004
  1.2136314808E+005  3.1208347468E+004
  1.2143452841E+005  3.1181921260E+004
  1.2150605262E+005  3.1155523423E+004
  1.2154186875E+005  3.1142335221E+004
  1.2161360926E+005  3.1115980415E+004
  1.2168549429E+005  3.1089654628E+004
  1.2172149108E+005  3.1076502706E+004
  1.2179359341E+005  3.1050220988E+004
  1.2186584096E+005  3.1023969018E+004
  1.2190201926E+005  3.1010854277E+004
  1.2197448513E+005  3.0984647457E+004
  1.2204709689E+005  3.0958471095E+004
  1.2208345756E+005  3.0945394553E+004
  1.2215628867E+005  3.0919265943E+004
  1.2222926636E+005  3.0893171130E+004
  1.2226581025E+005  3.0880136608E+004
  1.2233900833E+005  3.0854093532E+004
  1.2241235367E+005  3.0828085227E+004
  1.2244908165E+005  3.0815094151E+004
  1.2252264842E+005  3.0789138200E+004
  1.2255948727E+005  3.0776173345E+004
  1.2263327608E+005  3.0750269919E+004
  1.2270721327E+005  3.0724401602E+004
  1.2274423760E+005  3.0711480368E+004
  1.2281839788E+005  3.0685662553E+004
  1.2289270725E+005  3.0659878039E+004
  1.2292991793E+005  3.0646998484E+004
  1.2300445144E+005  3.0621265186E+004
  1.2304177434E+005  3.0608411598E+004
  1.2311653263E+005  3.0582730913E+004
  1.2319144112E+005  3.0557086022E+004
  1.2322895178E+005  3.0544277169E+004
  1.2330408611E+005  3.0518686969E+004
  1.2334170985E+005  3.0505905743E+004
  1.2341707065E+005  3.0480371317E+004
  1.2349258279E+005  3.0454874602E+004
  1.2353039570E+005  3.0442140508E+004
  1.2360613538E+005  3.0416701081E+004
  1.2364406222E+005  3.0403995837E+004
  1.2372003008E+005  3.0378614512E+004
  1.2375807117E+005  3.0365938516E+004
  1.2383426785E+005  3.0340616079E+004
  1.2391061745E+005  3.0315333335E+004
  1.2394884967E+005  3.0302706958E+004
  1.2402542917E+005  3.0277484411E+004
  1.2406377650E+005  3.0264888331E+004
  1.2414058654E+005  3.0239726857E+004
  1.2417904931E+005  3.0227161714E+004
  1.2425609054E+005  3.0202063448E+004
  1.2433328625E+005  3.0177008707E+004
  1.2437194213E+005  3.0164497881E+004
  1.2444937009E+005  3.0139509632E+004
  1.2448814224E+005  3.0127032311E+004
  1.2456580310E+005  3.0102111494E+004
  1.2460469186E+005  3.0089668075E+004
  1.2468258626E+005  3.0064815401E+004
  1.2472159196E+005  3.0052406215E+004
  1.2479972056E+005  3.0027622268E+004
  1.2487800565E+005  3.0002872814E+004
  1.2491720697E+005  2.9990509448E+004
  1.2499572735E+005  2.9965806599E+004
  1.2503504648E+005  2.9953467415E+004
  1.2511380281E+005  2.9928814057E+004
  1.2515324008E+005  2.9916500046E+004
  1.2523223302E+005  2.9891897687E+004
  1.2527178876E+005  2.9879609447E+004
  1.2535101897E+005  2.9855059067E+004
  1.2539069351E+005  2.9842797004E+004
  1.2547016166E+005  2.9818299296E+004
  1.2550995534E+005  2.9806063707E+004
  1.2558966209E+005  2.9781619186E+004
  1.2562957524E+005  2.9769410299E+004
  1.2570952126E+005  2.9745019336E+004
  1.2574955422E+005  2.9732837154E+004
  1.2582974019E+005  2.9708499190E+004
  1.2586989328E+005  2.9696343482E+004
  1.2595031987E+005  2.9672058857E+004
  1.2599059344E+005  2.9659930049E+004
  1.2607126131E+005  2.9635699797E+004
  1.2611165570E+005  2.9623598577E+004
  1.2619256555E+005  2.9599424599E+004
  1.2623308109E+005  2.9587352067E+004
  1.2631423359E+005  2.9563236505E+004
  1.2635487063E+005  2.9551193824E+004
  1.2643626646E+005  2.9527138032E+004
  1.2647702533E+005  2.9515124821E+004
  1.2655866518E+005  2.9491127548E+004
  1.2659954623E+005  2.9479143404E+004
  1.2668143078E+005  2.9455203901E+004
  1.2672243436E+005  2.9443248465E+004
  1.2676347885E+005  2.9431302520E+004
  1.2684569074E+005  2.9407438951E+004
  1.2688685822E+005  2.9395521252E+004
  1.2696931641E+005  2.9371713840E+004
  1.2701060719E+005  2.9359824055E+004
  1.2709331235E+005  2.9336072144E+004
  1.2713472680E+005  2.9324209947E+004
  1.2721767962E+005  2.9300512892E+004
  1.2725921807E+005  2.9288677962E+004
  1.2734241926E+005  2.9265035124E+004
  1.2738408206E+005  2.9253227143E+004
  1.2742578640E+005  2.9241428073E+004
  1.2750931982E+005  2.9217856519E+004
  1.2755114898E+005  2.9206083961E+004
  1.2763493239E+005  2.9182565101E+004
  1.2767688673E+005  2.9170818724E+004
  1.2776092084E+005  2.9147351891E+004
  1.2780300070E+005  2.9135631367E+004
  1.2784512249E+005  2.9123919410E+004
  1.2792949197E+005  2.9100521220E+004
  1.2797173975E+005  2.9088835022E+004
  1.2805636158E+005  2.9065488492E+004
  1.2809873572E+005  2.9053828165E+004
  1.2818361062E+005  2.9030533354E+004
  1.2822611146E+005  2.9018898840E+004
  1.2826865462E+005  2.9007272891E+004
  1.2835386806E+005  2.8984046528E+004
  1.2839653840E+005  2.8972446037E+004
  1.2848200657E+005  2.8949270317E+004
  1.2852480447E+005  2.8937695052E+004
  1.2856764496E+005  2.8926128163E+004
  1.2865345389E+005  2.8903019444E+004
  1.2869642241E+005  2.8891477580E+004
  1.2878248775E+005  2.8868418759E+004
  1.2882558465E+005  2.8856901765E+004
  1.2886872441E+005  2.8845393024E+004
  1.2895513272E+005  2.8822399631E+004
  1.2899840134E+005  2.8810912383E+004
  1.2908506771E+005  2.8787952954E+004
  1.2912846554E+005  2.8776481090E+004
  1.2917190653E+005  2.8765014638E+004
  1.2925891812E+005  2.8742098192E+004
  1.2930248881E+005  2.8730648362E+004
  1.2934610282E+005  2.8719204212E+004
  1.2943346094E+005  2.8696333139E+004
  1.2947720514E+005  2.8684906301E+004
  1.2956482402E+005  2.8662070237E+004
  1.2960869878E+005  2.8650661116E+004
  1.2965261714E+005  2.8639258013E+004
  1.2974058483E+005  2.8616470087E+004
  1.2978463425E+005  2.8605085358E+004
  1.2982872743E+005  2.8593706839E+004
  1.2991704526E+005  2.8570968549E+004
  1.2996126999E+005  2.8559608826E+004
  1.3000553865E+005  2.8548255407E+004
  1.3009420794E+005  2.8525567525E+004
  1.3013860865E+005  2.8514233074E+004
  1.3022754240E+005  2.8491583162E+004
  1.3027207552E+005  2.8480267696E+004
  1.3031665286E+005  2.8468958550E+004
  1.3040594035E+005  2.8446359184E+004
  1.3045065058E+005  2.8435068942E+004
  1.3049540519E+005  2.8423784977E+004
  1.3058504774E+005  2.8401235816E+004
  1.3062993575E+005  2.8389970585E+004
  1.3067486831E+005  2.8378711558E+004
  1.3076486726E+005  2.8356212041E+004
  1.3080993373E+005  2.8344971522E+004
  1.3085504491E+005  2.8333737147E+004
  1.3094540161E+005  2.8311286789E+004
  1.3099064720E+005  2.8300070786E+004
  1.3103593768E+005  2.8288862194E+004
  1.3112665348E+005  2.8266483388E+004
  1.3117207888E+005  2.8255310338E+004
  1.3121754934E+005  2.8244147201E+004
  1.3130862560E+005  2.8221849119E+004
  1.3135423148E+005  2.8210713607E+004
  1.3139988260E+005  2.8199586827E+004
  1.3149132068E+005  2.8177358744E+004
  1.3153710774E+005  2.8166257132E+004
  1.3158294019E+005  2.8155163620E+004
  1.3162881809E+005  2.8144078081E+004
  1.3172071036E+005  2.8121930443E+004
  1.3176672482E+005  2.8110868119E+004
  1.3181278488E+005  2.8099813314E+004
  1.3190504200E+005  2.8077725853E+004
  1.3195123914E+005  2.8066692998E+004
  1.3199748205E+005  2.8055667267E+004
  1.3209010540E+005  2.8033636805E+004
  1.3213648591E+005  2.8022631893E+004
  1.3218291237E+005  2.8011633745E+004
  1.3222938483E+005  2.8000642274E+004
  1.3232246791E+005  2.7978678481E+004
  1.3236907861E+005  2.7967704401E+004
  1.3241573548E+005  2.7956734504E+004
  1.3250918791E+005  2.7934806813E+004
  1.3255598355E+005  2.7923848908E+004
  1.3260282553E+005  2.7912894938E+004
  1.3264971390E+005  2.7901944894E+004
  1.3274362997E+005  2.7880069180E+004
  1.3279065777E+005  2.7869144479E+004
  1.3283773212E+005  2.7858227730E+004
  1.3293202068E+005  2.7836416828E+004
  1.3297923498E+005  2.7825522556E+004
  1.3302649602E+005  2.7814635678E+004
  1.3307380383E+005  2.7803756146E+004
  1.3316855998E+005  2.7782019047E+004
  1.3321600840E+005  2.7771161443E+004
  1.3326350378E+005  2.7760311118E+004
  1.3331104616E+005  2.7749468060E+004
  1.3340627206E+005  2.7727803710E+004
  1.3345395568E+005  2.7716982398E+004
  1.3350168647E+005  2.7706168315E+004
  1.3354946448E+005  2.7695361452E+004
  1.3364516230E+005  2.7673769345E+004
  1.3369308221E+005  2.7662984080E+004
  1.3374104952E+005  2.7652205993E+004
  1.3378906425E+005  2.7641435075E+004
  1.3388523621E+005  2.7619914693E+004
  1.3393339353E+005  2.7609165207E+004
  1.3398159845E+005  2.7598422841E+004
  1.3402985104E+005  2.7587687583E+004
  1.3412649937E+005  2.7566238343E+004
  1.3417489520E+005  2.7555524344E+004
  1.3422333887E+005  2.7544817420E+004
  1.3427183042E+005  2.7534117571E+004
  1.3436895735E+005  2.7512739111E+004
  1.3441759282E+005  2.7502060507E+004
  1.3446627636E+005  2.7491388993E+004
  1.3451500800E+005  2.7480724570E+004
  1.3461261579E+005  2.7459416998E+004
  1.3466149203E+005  2.7448773847E+004
  1.3471041656E+005  2.7438137781E+004
  1.3475938942E+005  2.7427508795E+004
  1.3485748033E+005  2.7406272033E+004
  1.3490659846E+005  2.7395664238E+004
  1.3495576512E+005  2.7385063486E+004
  1.3500498033E+005  2.7374469767E+004
  1.3505424415E+005  2.7363883073E+004
  1.3515291780E+005  2.7342730727E+004
  1.3520232772E+005  2.7332165022E+004
  1.3525178643E+005  2.7321605969E+004
  1.3530129397E+005  2.7311052970E+004
  1.3535085040E+005  2.7300505588E+004
  1.3545011007E+005  2.7279427142E+004
  1.3549981342E+005  2.7268895974E+004
  1.3554956583E+005  2.7258370171E+004
  1.3559936734E+005  2.7247849750E+004
  1.3569911786E+005  2.7226825187E+004
  1.3574906696E+005  2.7216321125E+004
  1.3579906534E+005  2.7205822910E+004
  1.3584911306E+005  2.7195330839E+004
  1.3589921016E+005  2.7184844852E+004
  1.3599955268E+005  2.7163890903E+004
  1.3604979820E+005  2.7153422836E+004
  1.3610009328E+005  2.7142960643E+004
  1.3615043798E+005  2.7132504281E+004
  1.3620083233E+005  2.7122053708E+004
  1.3625127639E+005  2.7111608885E+004
  1.3635231381E+005  2.7090736340E+004
  1.3640290726E+005  2.7080308547E+004
  1.3645355061E+005  2.7069886360E+004
  1.3650424389E+005  2.7059469747E+004
  1.3655498716E+005  2.7049058673E+004
  1.3665662384E+005  2.7028253013E+004
  1.3670751735E+005  2.7017858362E+004
  1.3675846103E+005  2.7007469120E+004
  1.3680945493E+005  2.6997085254E+004
  1.3686049910E+005  2.6986706733E+004
  1.3691159358E+005  2.6976333526E+004
  1.3701393367E+005  2.6955602951E+004
  1.3706517938E+005  2.6945245540E+004
  1.3711647559E+005  2.6934893355E+004
  1.3716782236E+005  2.6924546384E+004
  1.3721921971E+005  2.6914204613E+004
  1.3732216642E+005  2.6893536625E+004
  1.3737371586E+005  2.6883210387E+004
  1.3742531608E+005  2.6872889305E+004
  1.3747696715E+005  2.6862573367E+004
  1.3752866909E+005  2.6852262562E+004
  1.3758042197E+005  2.6841956878E+004
  1.3763222582E+005  2.6831656303E+004
  1.3773598666E+005  2.6811070422E+004
  1.3778794374E+005  2.6800785088E+004
  1.3783995198E+005  2.6790504792E+004
  1.3789201145E+005  2.6780229404E+004
  1.3794412218E+005  2.6769958618E+004
  1.3799628423E+005  2.6759692082E+004
  1.3810076246E+005  2.6739171457E+004
  1.3815307873E+005  2.6728925022E+004
  1.3820544652E+005  2.6718688843E+004
  1.3825786585E+005  2.6708461466E+004
  1.3831033680E+005  2.6698242291E+004
  1.3836285939E+005  2.6688030892E+004
  1.3841543368E+005  2.6677826981E+004
  1.3852073756E+005  2.6657440739E+004
  1.3857346725E+005  2.6647258076E+004
  1.3862624882E+005  2.6636320286E+004
  1.3867908233E+005  2.6624905232E+004
  1.3873196781E+005  2.6613495868E+004
  1.3878490533E+005  2.6602092130E+004
  1.3883789493E+005  2.6590693966E+004
  1.3894403057E+005  2.6567914186E+004
  1.3899717670E+005  2.6556532500E+004
  1.3905037511E+005  2.6545156246E+004
  1.3910362584E+005  2.6533785399E+004
  1.3915692895E+005  2.6522419939E+004
  1.3921028448E+005  2.6511059850E+004
  1.3926369248E+005  2.6499705115E+004
  1.3931715300E+005  2.6488355723E+004
  1.3942423180E+005  2.6465672925E+004
  1.3947785018E+005  2.6454339502E+004
  1.3953152128E+005  2.6443011387E+004
  1.3958524514E+005  2.6431688638E+004
  1.3963902182E+005  2.6420371458E+004
  1.3969285137E+005  2.6409059981E+004
  1.3974673383E+005  2.6397757987E+004
  1.3980066926E+005  2.6386456541E+004
  1.3985465770E+005  2.6375162573E+004
  1.3996279383E+005  2.6352588746E+004
  1.4001694161E+005  2.6341309508E+004
  1.4007114261E+005  2.6330035646E+004
  1.4012539687E+005  2.6318766881E+004
  1.4017970445E+005  2.6307503352E+004
  1.4023406538E+005  2.6296244937E+004
  1.4028847973E+005  2.6284991666E+004
  1.4034294755E+005  2.6273743433E+004
  1.4039746887E+005  2.6262500099E+004
  1.4050667227E+005  2.6240027139E+004
  1.4056135443E+005  2.6228797119E+004
  1.4061609031E+005  2.6217571228E+004
  1.4067087996E+005  2.6206349371E+004
  1.4072572342E+005  2.6195131484E+004
  1.4078062074E+005  2.6183917515E+004
  1.4083557198E+005  2.6172707428E+004
  1.4089057718E+005  2.6161501197E+004
  1.4094563640E+005  2.6150298804E+004
  1.4100074969E+005  2.6139100237E+004
  1.4105591709E+005  2.6127905492E+004
  1.4116641446E+005  2.6105527465E+004
  1.4122174452E+005  2.6094344191E+004
  1.4127712890E+005  2.6083164752E+004
  1.4133256765E+005  2.6071989156E+004
  1.4138806082E+005  2.6060817413E+004
  1.4144360846E+005  2.6049649534E+004
  1.4149921063E+005  2.6038485530E+004
  1.4155486737E+005  2.6027325413E+004
  1.4161057874E+005  2.6016169193E+004
  1.4166634478E+005  2.6005016883E+004
  1.4172216556E+005  2.5993868494E+004
  1.4177804111E+005  2.5982724037E+004
  1.4188995675E+005  2.5960446967E+004
  1.4194599694E+005  2.5949314375E+004
  1.4200209211E+005  2.5938185760E+004
  1.4205824232E+005  2.5927061132E+004
  1.4211444762E+005  2.5915940502E+004
  1.4217070805E+005  2.5904823883E+004
  1.4222702367E+005  2.5893711288E+004
  1.4228339453E+005  2.5882602730E+004
  1.4233982068E+005  2.5871498226E+004
  1.4239630218E+005  2.5860397792E+004
  1.4245283907E+005  2.5849301445E+004
  1.4250943140E+005  2.5838209203E+004
  1.4256607924E+005  2.5827121084E+004
  1.4262278262E+005  2.5816037100E+004
  1.4267954160E+005  2.5804957226E+004
  1.4279322658E+005  2.5782809418E+004
  1.4285015268E+005  2.5771741229E+004
  1.4290713458E+005  2.5760676742E+004
  1.4296417233E+005  2.5749615983E+004
  1.4302126599E+005  2.5738558995E+004
  1.4307841561E+005  2.5727505750E+004
  1.4313562123E+005  2.5716456195E+004
  1.4319288292E+005  2.5705410276E+004
  1.4325020072E+005  2.5694367936E+004
  1.4330757468E+005  2.5683329121E+004
  1.4336500487E+005  2.5672293787E+004
  1.4342249132E+005  2.5661262255E+004
  1.4348003410E+005  2.5650235073E+004
  1.4353763325E+005  2.5639212232E+004
  1.4359528883E+005  2.5628193683E+004
  1.4365300089E+005  2.5617179432E+004
  1.4371076949E+005  2.5606169448E+004
  1.4376859467E+005  2.5595163733E+004
  1.4382647650E+005  2.5584162274E+004
  1.4388441501E+005  2.5573165074E+004
  1.4394241027E+005  2.5562172128E+004
  1.4400046233E+005  2.5551183443E+004
  1.4405857124E+005  2.5540199020E+004
  1.4417495982E+005  2.5518242987E+004
  1.4423323961E+005  2.5507271393E+004
  1.4429157645E+005  2.5496304090E+004
  1.4434997041E+005  2.5485341089E+004
  1.4440842155E+005  2.5474382400E+004
  1.4446692991E+005  2.5463428035E+004
  1.4452549554E+005  2.5452478004E+004
  1.4458411851E+005  2.5441532320E+004
  1.4464279886E+005  2.5430590998E+004
  1.4470153665E+005  2.5419654051E+004
  1.4476033193E+005  2.5408721495E+004
  1.4481918476E+005  2.5397793338E+004
  1.4487809519E+005  2.5386869564E+004
  1.4493706327E+005  2.5375950118E+004
  1.4499608906E+005  2.5365034908E+004
  1.4505517261E+005  2.5354123846E+004
  1.4511431398E+005  2.5343216852E+004
  1.4517351322E+005  2.5332313869E+004
  1.4523277038E+005  2.5321414852E+004
  1.4529208551E+005  2.5310519769E+004
  1.4535145868E+005  2.5299628600E+004
  1.4541088994E+005  2.5288741332E+004
  1.4547037934E+005  2.5277857960E+004
  1.4552992693E+005  2.5266978485E+004
  1.4558953278E+005  2.5256102913E+004
  1.4564919693E+005  2.5245231255E+004
  1.4570891943E+005  2.5234363524E+004
  1.4576870036E+005  2.5223499737E+004
  1.4582853975E+005  2.5212639915E+004
  1.4588843766E+005  2.5201784080E+004
  1.4594839415E+005  2.5190932280E+004
  1.4600840928E+005  2.5180084594E+004
  1.4606848309E+005  2.5169241100E+004
  1.4612861564E+005  2.5158402222E+004
  1.4618880700E+005  2.5147569520E+004
  1.4624905721E+005  2.5136743970E+004
  1.4630936632E+005  2.5125924582E+004
  1.4636973440E+005  2.5115111502E+004
  1.4643016150E+005  2.5104305368E+004
  1.4649064768E+005  2.5093505792E+004
  1.4655119298E+005  2.5082712475E+004
  1.4661179747E+005  2.5071925261E+004
  1.4667246120E+005  2.5061143997E+004
  1.4673318422E+005  2.5050368574E+004
  1.4679396660E+005  2.5039598884E+004
  1.4685480839E+005  2.5028834836E+004
  1.4691570964E+005  2.5018076339E+004
  1.4697667041E+005  2.5007323292E+004
  1.4703769075E+005  2.4996575569E+004
  1.4709877073E+005  2.4985833031E+004
  1.4715991039E+005  2.4975095534E+004
  1.4722110980E+005  2.4964362949E+004
  1.4728236901E+005  2.4953635162E+004
  1.4734368807E+005  2.4942912070E+004
  1.4740506704E+005  2.4932193585E+004
  1.4746650599E+005  2.4921479630E+004
  1.4752800495E+005  2.4910770136E+004
  1.4758956400E+005  2.4900065045E+004
  1.4765118319E+005  2.4889364304E+004
  1.4771286257E+005  2.4878667867E+004
  1.4777460220E+005  2.4867975758E+004
  1.4783640214E+005  2.4857288154E+004
  1.4789826245E+005  2.4846605175E+004
  1.4796018317E+005  2.4835926836E+004
  1.4802216437E+005  2.4825253175E+004
  1.4808420611E+005  2.4814583817E+004
  1.4814630844E+005  2.4803918114E+004
  1.4820847142E+005  2.4793256647E+004
  1.4827069510E+005  2.4782599423E+004
  1.4833297955E+005  2.4771946557E+004
  1.4839532482E+005  2.4761298078E+004
  1.4845773096E+005  2.4750654044E+004
  1.4852019803E+005  2.4740014490E+004
  1.4858272608E+005  2.4729379458E+004
  1.4864531517E+005  2.4718748981E+004
  1.4870796536E+005  2.4708123096E+004
  1.4877067670E+005  2.4697501850E+004
  1.4883344925E+005  2.4686885309E+004
  1.4889628307E+005  2.4676273536E+004
  1.4895917821E+005  2.4665666564E+004
  1.4902213474E+005  2.4655064385E+004
  1.4908515272E+005  2.4644466962E+004
  1.4914823219E+005  2.4633874237E+004
  1.4921137322E+005  2.4623286151E+004
  1.4927457587E+005  2.4612702644E+004
  1.4933784020E+005  2.4602123661E+004
  1.4940116625E+005  2.4591549155E+004
  1.4946455410E+005  2.4580979082E+004
  1.4952800380E+005  2.4570413404E+004
  1.4959151540E+005  2.4559852088E+004
  1.4965508897E+005  2.4549295106E+004
  1.4971872457E+005  2.4538742432E+004
  1.4978242224E+005  2.4528194046E+004
  1.4984618206E+005  2.4517649927E+004
  1.4991000408E+005  2.4507110061E+004
  1.4997388836E+005  2.4496574434E+004
  1.5003783496E+005  2.4486043033E+004
  1.5010184393E+005  2.4475515850E+004
  1.5016591534E+005  2.4464992876E+004
  1.5023004925E+005  2.4454474107E+004
  1.5029424571E+005  2.4443959539E+004
  1.5035850478E+005  2.4433449167E+004
  1.5042282652E+005  2.4422942993E+004
  1.5048721100E+005  2.4412441015E+004
  1.5055165826E+005  2.4401943235E+004
  1.5061616838E+005  2.4391449655E+004
  1.5068074140E+005  2.4380960278E+004
  1.5074537740E+005  2.4370475107E+004
  1.5081007642E+005  2.4359994144E+004
  1.5087483853E+005  2.4349517383E+004
  1.5093966379E+005  2.4339044806E+004
  1.5100455226E+005  2.4328576378E+004
  1.5106950399E+005  2.4318112056E+004
  1.5113451905E+005  2.4307651794E+004
  1.5119959750E+005  2.4297195549E+004
  1.5126473940E+005  2.4286743282E+004
  1.5132994480E+005  2.4276294962E+004
  1.5139521377E+005  2.4265850566E+004
  1.5146054637E+005  2.4255410090E+004
  1.5152594266E+005  2.4244973544E+004
  1.5159140270E+005  2.4234540967E+004
  1.5165692654E+005  2.4224112445E+004
  1.5172251426E+005  2.4213688055E+004
  1.5178816590E+005  2.4203267842E+004
  1.5185388154E+005  2.4192851844E+004
  1.5191966123E+005  2.4182440094E+004
  1.5198550502E+005  2.4172032620E+004
  1.5205141299E+005  2.4161629452E+004
  1.5211738520E+005  2.4151230614E+004
  1.5218342169E+005  2.4140836133E+004
  1.5224952255E+005  2.4130446841E+004
  1.5231568781E+005  2.4120063829E+004
  1.5238191756E+005  2.4109686705E+004
  1.5244821184E+005  2.4099315387E+004
  1.5251457072E+005  2.4088949689E+004
  1.5258099426E+005  2.4078589505E+004
  1.5264748252E+005  2.4068234706E+004
  1.5271403556E+005  2.4057885197E+004
  1.5278065345E+005  2.4047540865E+004
  1.5284733624E+005  2.4037201606E+004
  1.5291408400E+005  2.4026867307E+004
  1.5298089678E+005  2.4016537861E+004
  1.5304777465E+005  2.4006213165E+004
  1.5311471768E+005  2.3995893122E+004
  1.5318172591E+005  2.3985577644E+004
  1.5324879942E+005  2.3975266651E+004
  1.5331593826E+005  2.3964960069E+004
  1.5338314251E+005  2.3954657832E+004
  1.5345041221E+005  2.3944359880E+004
  1.5351774743E+005  2.3934066159E+004
  1.5358514823E+005  2.3923776622E+004
  1.5365261468E+005  2.3913491934E+004
  1.5372014684E+005  2.3903210685E+004
  1.5378774476E+005  2.3892933421E+004
  1.5385540852E+005  2.3882660307E+004
  1.5392313817E+005  2.3872391070E+004
  1.5399093377E+005  2.3862125935E+004
  1.5405879540E+005  2.3851864711E+004
  1.5412672310E+005  2.3841607532E+004
  1.5419471695E+005  2.3831354279E+004
  1.5426277700E+005  2.3821105007E+004
  1.5433090332E+005  2.3810859639E+004
  1.5439909598E+005  2.3800618187E+004
  1.5446735503E+005  2.3790380593E+004
  1.5453568053E+005  2.3780146839E+004
  1.5460407255E+005  2.3769916866E+004
  1.5467253116E+005  2.3759690628E+004
  1.5474105641E+005  2.3749468057E+004
  1.5480964836E+005  2.3739249095E+004
  1.5487830707E+005  2.3729033676E+004
  1.5494703260E+005  2.3718821741E+004
  1.5501582501E+005  2.3708613235E+004
  1.5508468438E+005  2.3698408139E+004
  1.5515361076E+005  2.3688206459E+004
  1.5522260421E+005  2.3678008201E+004
  1.5529166480E+005  2.3667813369E+004
  1.5536079260E+005  2.3657621965E+004
  1.5542998766E+005  2.3647433995E+004
  1.5549925005E+005  2.3637249467E+004
  1.5556857983E+005  2.3627068390E+004
  1.5563797708E+005  2.3616891387E+004
  1.5570744184E+005  2.3606719138E+004
  1.5577697419E+005  2.3596551597E+004
  1.5584657419E+005  2.3586388693E+004
  1.5591624190E+005  2.3576230404E+004
  1.5598597739E+005  2.3566076737E+004
  1.5605578072E+005  2.3555927695E+004
  1.5612565195E+005  2.3545783300E+004
  1.5619559116E+005  2.3535643569E+004
  1.5626559840E+005  2.3525508463E+004
  1.5633567373E+005  2.3515377271E+004
  1.5640581724E+005  2.3505250143E+004
  1.5647602897E+005  2.3495127196E+004
  1.5654630899E+005  2.3485008497E+004
  1.5661665736E+005  2.3474894062E+004
  1.5668707416E+005  2.3464783912E+004
  1.5675755945E+005  2.3454678049E+004
  1.5682811329E+005  2.3444576476E+004
  1.5689873574E+005  2.3434479192E+004
  1.5696942687E+005  2.3424386195E+004
  1.5704018676E+005  2.3414297481E+004
  1.5711101545E+005  2.3404213050E+004
  1.5718191302E+005  2.3394132928E+004
  1.5725287953E+005  2.3384057746E+004
  1.5732391504E+005  2.3373987594E+004
  1.5739501963E+005  2.3363922313E+004
  1.5746619336E+005  2.3353861957E+004
  1.5753743629E+005  2.3343806419E+004
  1.5760874849E+005  2.3333755642E+004
  1.5768013002E+005  2.3323709527E+004
  1.5775158095E+005  2.3313668006E+004
  1.5782310135E+005  2.3303630997E+004
  1.5789469128E+005  2.3293598431E+004
  1.5796635081E+005  2.3283570232E+004
  1.5803808000E+005  2.3273546327E+004
  1.5810987893E+005  2.3263526638E+004
  1.5818174764E+005  2.3253511089E+004
  1.5825368622E+005  2.3243499612E+004
  1.5832569473E+005  2.3233492162E+004
  1.5839777323E+005  2.3223488710E+004
  1.5846992179E+005  2.3213489228E+004
  1.5854214048E+005  2.3203493692E+004
  1.5861442936E+005  2.3193502084E+004
  1.5868678850E+005  2.3183514396E+004
  1.5875921797E+005  2.3173530619E+004
  1.5883171783E+005  2.3163550745E+004
  1.5890428816E+005  2.3153574767E+004
  1.5897692900E+005  2.3143602674E+004
  1.5904964045E+005  2.3133634456E+004
  1.5912242255E+005  2.3123670100E+004
  1.5919527538E+005  2.3113709595E+004
  1.5926819901E+005  2.3103752929E+004
  1.5934119349E+005  2.3093800091E+004
  1.5941425891E+005  2.3083851068E+004
  1.5948739532E+005  2.3073905848E+004
  1.5956060280E+005  2.3063964420E+004
  1.5963388141E+005  2.3054026765E+004
  1.5970723121E+005  2.3044092864E+004
  1.5978065228E+005  2.3034162691E+004
  1.5985414469E+005  2.3024236220E+004
  1.5992770850E+005  2.3014313422E+004
  1.6000134378E+005  2.3004394267E+004
  1.6007505059E+005  2.2994478728E+004
  1.6014882901E+005  2.2984566779E+004
  1.6022267910E+005  2.2974658393E+004
  1.6029660093E+005  2.2964753549E+004
  1.6037059457E+005  2.2954852226E+004
  1.6044466009E+005  2.2944954404E+004
  1.6051879756E+005  2.2935060069E+004
  1.6059300704E+005  2.2925169204E+004
  1.6066728860E+005  2.2915281800E+004
  1.6074164231E+005  2.2905397848E+004
  1.6081606824E+005  2.2895517345E+004
  1.6089056646E+005  2.2885640293E+004
  1.6096513703E+005  2.2875766693E+004
  1.6103978003E+005  2.2865896546E+004
  1.6111449552E+005  2.2856029851E+004
  1.6118928358E+005  2.2846166603E+004
  1.6126414427E+005  2.2836306799E+004
  1.6133907766E+005  2.2826450442E+004
  1.6141408382E+005  2.2816597542E+004
  1.6148916281E+005  2.2806748107E+004
  1.6156431472E+005  2.2796902334E+004
  1.6163953960E+005  2.2787060557E+004
  1.6171483754E+005  2.2777222874E+004
  1.6179020858E+005  2.2767389238E+004
  1.6186565282E+005  2.2757559596E+004
  1.6194117031E+005  2.2747733873E+004
  1.6201676112E+005  2.2737912001E+004
  1.6209242533E+005  2.2728093909E+004
  1.6216816301E+005  2.2718279530E+004
  1.6224397422E+005  2.2708468800E+004
  1.6231985904E+005  2.2698661659E+004
  1.6239581753E+005  2.2688858051E+004
  1.6247184977E+005  2.2679057924E+004
  1.6254795582E+005  2.2669261229E+004
  1.6262413576E+005  2.2659468409E+004
  1.6270038965E+005  2.2649680404E+004
  1.6277671755E+005  2.2639896751E+004
  1.6285311953E+005  2.2630117639E+004
  1.6292959567E+005  2.2620342829E+004
  1.6300614604E+005  2.2610572396E+004
  1.6308277069E+005  2.2600806205E+004
  1.6315946972E+005  2.2591044277E+004
  1.6323624318E+005  2.2581286526E+004
  1.6331309116E+005  2.2571532944E+004
  1.6339001371E+005  2.2561783472E+004
  1.6346701092E+005  2.2552038089E+004
  1.6354408284E+005  2.2542296749E+004
  1.6362122957E+005  2.2532559428E+004
  1.6369845116E+005  2.2522826087E+004
  1.6377574768E+005  2.2513096703E+004
  1.6385311922E+005  2.2503371242E+004
  1.6393056584E+005  2.2493649682E+004
  1.6400808762E+005  2.2483931996E+004
  1.6408568462E+005  2.2474218165E+004
  1.6416335692E+005  2.2464508181E+004
  1.6424110459E+005  2.2454802042E+004
  1.6431892771E+005  2.2445099751E+004
  1.6439682634E+005  2.2435401309E+004
  1.6447480057E+005  2.2425706714E+004
  1.6455285046E+005  2.2416015968E+004
  1.6463097609E+005  2.2406329066E+004
  1.6470917752E+005  2.2396646010E+004
  1.6478745484E+005  2.2386966797E+004
  1.6486580811E+005  2.2377291431E+004
  1.6494423742E+005  2.2367619915E+004
  1.6502274282E+005  2.2357952257E+004
  1.6510132441E+005  2.2348288465E+004
  1.6517998224E+005  2.2338628549E+004
  1.6525871639E+005  2.2328972518E+004
  1.6533752694E+005  2.2319320380E+004
  1.6541641396E+005  2.2309672146E+004
  1.6549537753E+005  2.2300027933E+004
  1.6557441771E+005  2.2290387956E+004
  1.6565353458E+005  2.2280752322E+004
  1.6573272822E+005  2.2271121032E+004
  1.6581199870E+005  2.2261494067E+004
  1.6589134609E+005  2.2251871380E+004
  1.6597077047E+005  2.2242252918E+004
  1.6605027191E+005  2.2232638622E+004
  1.6612985049E+005  2.2223028428E+004
  1.6620950628E+005  2.2213422273E+004
  1.6628923935E+005  2.2203820093E+004
  1.6636904978E+005  2.2194221826E+004
  1.6644893765E+005  2.2184627409E+004
  1.6652890302E+005  2.2175036785E+004
  1.6660894597E+005  2.2165449895E+004
  1.6668906659E+005  2.2155866687E+004
  1.6676926484E+005  2.2146287124E+004
  1.6684954060E+005  2.2136711191E+004
  1.6692989397E+005  2.2127138859E+004
  1.6701032500E+005  2.2117570108E+004
  1.6709083378E+005  2.2108004074E+004
  1.6717142037E+005  2.2098440609E+004
  1.6725208486E+005  2.2088879966E+004
  1.6733282731E+005  2.2079322103E+004
  1.6741364780E+005  2.2069767103E+004
  1.6749454640E+005  2.2060214939E+004
  1.6757552319E+005  2.2050665636E+004
  1.6765657824E+005  2.2041119100E+004
  1.6773771162E+005  2.2031574806E+004
  1.6781892342E+005  2.2022032325E+004
  1.6790021370E+005  2.2012492135E+004
  1.6798158254E+005  2.2002954076E+004
  1.6806303001E+005  2.1993418345E+004
  1.6814455620E+005  2.1983884861E+004
  1.6822616117E+005  2.1974353719E+004
  1.6830784499E+005  2.1964824934E+004
  1.6838960775E+005  2.1955298726E+004
  1.6847144952E+005  2.1945775543E+004
  1.6855337037E+005  2.1936255409E+004
  1.6863537039E+005  2.1926738540E+004
  1.6871744963E+005  2.1917224883E+004
  1.6879960819E+005  2.1907714586E+004
  1.6888184614E+005  2.1898207610E+004
  1.6896416354E+005  2.1888704058E+004
  1.6904656048E+005  2.1879203917E+004
  1.6912903704E+005  2.1869707324E+004
  1.6921159329E+005  2.1860214417E+004
  1.6929422930E+005  2.1850725340E+004
  1.6937694515E+005  2.1841240122E+004
  1.6945974092E+005  2.1831758802E+004
  1.6954261668E+005  2.1822281377E+004
  1.6962557252E+005  2.1812807851E+004
  1.6970860850E+005  2.1803338213E+004
  1.6979172470E+005  2.1793872455E+004
  1.6987492121E+005  2.1784410562E+004
  1.6995819810E+005  2.1774952521E+004
  1.7004155544E+005  2.1765498317E+004
  1.7012499331E+005  2.1756047935E+004
  1.7020851180E+005  2.1746601356E+004
  1.7029211097E+005  2.1737158563E+004
  1.7037579090E+005  2.1727719537E+004
  1.7045955169E+005  2.1718284258E+004
  1.7054339339E+005  2.1708852707E+004
  1.7062731609E+005  2.1699424867E+004
  1.7071131987E+005  2.1690000721E+004
  1.7079540480E+005  2.1680580255E+004
  1.7087957097E+005  2.1671163456E+004
  1.7096381845E+005  2.1661750308E+004
  1.7104814732E+005  2.1652340801E+004
  1.7113255766E+005  2.1642934919E+004
  1.7121704955E+005  2.1633532651E+004
  1.7130162306E+005  2.1624133982E+004
  1.7138627828E+005  2.1614738900E+004
  1.7147101528E+005  2.1605344451E+004
  1.7155583414E+005  2.1595958601E+004
  1.7164073495E+005  2.1586572732E+004
  1.7172571777E+005  2.1577192838E+004
  1.7181078269E+005  2.1567814722E+004
  1.7189592979E+005  2.1558441320E+004
  1.7198115915E+005  2.1549070529E+004
  1.7206647084E+005  2.1539703844E+004
  1.7215186494E+005  2.1530340178E+004
  1.7223734154E+005  2.1520980315E+004
  1.7232290072E+005  2.1511623682E+004
  1.7240854255E+005  2.1502270700E+004
  1.7249426711E+005  2.1492921095E+004
  1.7258007449E+005  2.1483575185E+004
  1.7266596475E+005  2.1474232904E+004
  1.7275193799E+005  2.1464894430E+004
  1.7280000000E+005  2.1459677876E+004
  1.9451186323E+005  1.9448870678E+004
  2.1617186323E+005  1.7936278014E+004
  2.3773686323E+005  1.6760748690E+004
  2.5930186323E+005  1.5821109166E+004
  2.8096186323E+005  1.5038480099E+004
  3.0252686323E+005  1.4380060362E+004
  3.2418686323E+005  1.3816779476E+004
  3.4575186323E+005  1.3327151748E+004
  3.6731686323E+005  1.2887078227E+004
  3.8897686323E+005  1.2487603631E+004
  4.1054186323E+005  1.2125436696E+004
  4.3210686323E+005  1.1793477845E+004
  4.5376686323E+005  1.1485975788E+004
  4.7533186323E+005  1.1202626126E+004
  4.9689686323E+005  1.0938773586E+004
  5.1855686323E+005  1.0690747927E+004
  5.4012186323E+005  1.0458413492E+004
  5.6178186323E+005  1.0239099743E+004
  5.8334686323E+005  1.0033088159E+004
  6.0491186323E+005  9.8384913325E+003
  6.2657186323E+005  9.6537450460E+003
  6.4813686323E+005  9.4797160806E+003
  6.6970186323E+005  9.3147767296E+003
  6.9136186323E+005  9.1574071508E+003
  7.1292686323E+005  9.0085033254E+003
  7.3458686323E+005  8.8664597227E+003
  7.5615186323E+005  8.7322887998E+003
  7.7771686323E+005  8.6052025031E+003
  7.9937686323E+005  8.4844891278E+003
  8.2094186323E+005  8.3710682628E+003
  8.4250686323E+005  8.2642744312E+003
  8.6416686323E+005  8.1636288331E+003
  8.8573186323E+005  8.0701210159E+003
  9.0729686323E+005  7.9832985634E+003
  9.2895686323E+005  7.9027624204E+003
  9.5052186323E+005  7.8290983444E+003
  9.7218186323E+005  7.7614207969E+003
  9.9374686323E+005  7.7001061668E+003
  1.0153118632E+006  7.6447435300E+003
  1.0369718632E+006  7.5952542808E+003
  1.0585368632E+006  7.5520397991E+003
  1.0801018632E+006  7.5139586913E+003
  1.1017618632E+006  7.4790762463E+003
  1.1233268632E+006  7.4466603025E+003
  1.1449868632E+006  7.4163313752E+003
  1.1665518632E+006  7.3880992959E+003
  1.1881168632E+006  7.3614770827E+003
  1.2097768632E+006  7.3360573392E+003
  1.2313418632E+006  7.3118461216E+003
  1.2529068632E+006  7.2884295502E+003
  1.2745668632E+006  7.2655176787E+003
  1.2961318632E+006  7.2431643764E+003
  1.3176968632E+006  7.2210843261E+003
  1.3393568632E+006  7.1991179991E+003
  1.3609218632E+006  7.1774327603E+003
  1.3825818632E+006  7.1558109760E+003
  1.4041468632E+006  7.1345520377E+003
  1.4257118632E+006  7.1131349106E+003
  1.4473718632E+006  7.0915408883E+003
  1.4689368632E+006  7.0705149955E+003
  1.4905018632E+006  7.0499440618E+003
  1.5121618632E+006  7.0294572297E+003
  1.5337268632E+006  7.0092573080E+003
  1.5553868632E+006  6.9891046761E+003
  1.5769518632E+006  6.9691768063E+003
  1.5985168632E+006  6.9493648059E+003
  1.6201768632E+006  6.9295852627E+003
  1.6417418632E+006  6.9100213308E+003
  1.6633068632E+006  6.8905052368E+003
  1.6849668632E+006  6.8710419910E+003
  1.7065318632E+006  6.8517093095E+003
  1.7280968632E+006  6.8325014218E+003
  1.7497568632E+006  6.8133060819E+003
  1.7713218632E+006  6.7943081469E+003
  1.7929818632E+006  6.7753689659E+003
  1.8145468632E+006  6.7566892990E+003
  1.8361118632E+006  6.7380571170E+003
  1.8577718632E+006  6.7195647220E+003
  1.8793368632E+006  6.7012244789E+003
  1.9009018632E+006  6.6830777226E+003
  1.9225618632E+006  6.6650584222E+003
  1.9441268632E+006  6.6472824224E+003
  1.9657868632E+006  6.6295901721E+003
  1.9873518632E+006  6.6121470325E+003
  2.0089168632E+006  6.5948565754E+003
  2.0305768632E+006  6.5776726981E+003
  2.0521418632E+006  6.5607687854E+003
  2.0737068632E+006  6.5440390494E+003
  2.0953668632E+006  6.5273803927E+003
  2.1169318632E+006  6.5110216505E+003
  2.1384968632E+006  6.4947838648E+003
  2.1601568632E+006  6.4786184451E+003
  2.1817218632E+006  6.4627355592E+003
  2.2033818632E+006  6.4469313746E+003
  2.2249468632E+006  6.4312910294E+003
  2.2465118632E+006  6.4158213801E+003
  2.2681718632E+006  6.4004263348E+003
  2.2897368632E+006  6.3852401793E+003
  2.3113018632E+006  6.3701987046E+003
  2.3329618632E+006  6.3552218829E+003
  2.3545268632E+006  6.3403710635E+003
  2.3761868632E+006  6.3256022571E+003
  2.3977518632E+006  6.3110765339E+003
  2.4193168632E+006  6.2966182628E+003
  2.4409768632E+006  6.2821967299E+003
  2.4625418632E+006  6.2680084726E+003
  2.4841068632E+006  6.2538516711E+003
  2.5057668632E+006  6.2398035509E+003
  2.5273318632E+006  6.2258752246E+003
  2.5488968632E+006  6.2120553556E+003
  2.5705568632E+006  6.1983312380E+003
  2.5921218632E+006  6.1847180179E+003
  2.6137818632E+006  6.1711392559E+003
  2.6353468632E+006  6.1577270258E+003
  2.6569118632E+006  6.1444344563E+003
  2.6785718632E+006  6.1311868177E+003
  2.7001368632E+006  6.1180629501E+003
  2.7217018632E+006  6.1050200780E+003
  2.7433618632E+006  6.0920197433E+003
  2.7649268632E+006  6.0791336951E+003
  2.7865868632E+006  6.0662840387E+003
  2.8081518632E+006  6.0535626415E+003
  2.8297168632E+006  6.0409322516E+003
  2.8513768632E+006  6.0283289673E+003
  2.8729418632E+006  6.0158992396E+003
  2.8945068632E+006  6.0035496539E+003
  2.9161668632E+006  5.9911545953E+003
  2.9377318632E+006  5.9789273402E+003
  2.9592968632E+006  5.9668148232E+003
  2.9809568632E+006  5.9546998371E+003
  3.0025218632E+006  5.9427057264E+003
  3.0241818632E+006  5.9308210324E+003
  3.0457468632E+006  5.9189958876E+003
  3.0673118632E+006  5.9073193683E+003
  3.0889718632E+006  5.8956812770E+003
  3.1105368632E+006  5.8842082606E+003
  3.1321018632E+006  5.8728244975E+003
  3.1537618632E+006  5.8615692092E+003
  3.1753268632E+006  5.8504058395E+003
  3.1969868632E+006  5.8394219353E+003
  3.2185518632E+006  5.8285199719E+003
  3.2401168632E+006  5.8177554641E+003
  3.2617768632E+006  5.8070904697E+003
  3.2833418632E+006  5.7965744465E+003
  3.3049068632E+006  5.7860852773E+003
  3.3265668632E+006  5.7756573140E+003
  3.3481318632E+006  5.7653744938E+003
  3.3696968632E+006  5.7550621843E+003
  3.3913568632E+006  5.7447346940E+003
  3.4129218632E+006  5.7344373939E+003
  3.4345818632E+006  5.7241447177E+003
  3.4560000000E+006  5.7139672734E+003