30 0.00960773089764712 0.0016470395824537921 0.001235279686840344 0.0013725329853781602 
40 0.022773880646274655 0.003904093825075655 0.0029280703688067413 0.0032534115208963793 
50 0.044480235637255186 0.007625183252100889 0.005718887439075667 0.006354319376750742 
60 0.07686184718117696 0.013176316659630337 0.009882237494722753 0.010980263883025282 
70 0.12205376658862822 0.02092350284376484 0.01569262713282363 0.017436252369804034 
80 0.18219104517019724 0.03123275060060524 0.02342456295045393 0.026027292167171034 
90 0.25940873423647226 0.044470068726252386 0.03335255154468929 0.03705839060521032 
100 0.3558418850980415 0.061001466016807115 0.04575109951260534 0.05083455501400594 
110 0.4736255490654932 0.08119295126837027 0.0608947134512777 0.0676607927236419 
120 0.6148947774494157 0.1054105332770427 0.07905789995778202 0.08784211106420226 
130 0.7817846215603971 0.13402022083892523 0.10051516562919392 0.11168351736577103 
140 0.9764301327090258 0.16738802275011871 0.12554101706258905 0.13949001895843227 
150 1.2009663622058901 0.20587994780672403 0.15440996085504302 0.17156662317227003 
160 1.457528361361578 0.24986200480484191 0.18739650360363144 0.20821833733736828 
170 1.7482511814866777 0.29970020254057333 0.22477515190543 0.24975016878381112 
180 2.075269873891778 0.3557605498100191 0.2668204123575143 0.2964671248416826 
190 2.4407194898874662 0.41840905540928 0.31380679155695995 0.3486742128410667 
200 2.846735080784332 0.4880117281344569 0.3660087961008427 0.4066764401120475 
210 3.2954516978929616 0.5649345767816506 0.4237009325862379 0.4707788139847089 
220 3.7890043925239456 0.6495436101469622 0.4871577076102216 0.5412863417891352 
230 4.329528215987871 0.7422048370264922 0.5566536277698692 0.6185040308554103 
240 4.919158219595325 0.8432842662163416 0.6324631996622562 0.702736888513618 
250 5.560029454656897 0.953147906512611 0.7148609298844583 0.7942899220938426 
260 6.254276972483177 1.0721617667114018 0.8041213250335514 0.8934681389261683 
270 7.004035824384751 1.2006918556088144 0.9005188917066108 1.0005765463406788 
280 7.811441061672206 1.3391041820009497 1.0043281365007124 1.1159201516674582 
290 8.678627735656134 1.4877647546839088 1.1158235660129316 1.2398039622365908 
300 9.607730897647121 1.6470395824537922 1.2352796868403442 1.3725329853781603 
310 10.600885598955754 1.8172946741067009 1.3629710055800257 1.514412228422251 
320 11.660226890892623 1.9988960384387353 1.4991720288290515 1.6657466986989462 
330 12.787889824768316 2.192209684245997 1.6441572631844976 1.826841403538331 
340 13.986009451893421 2.3976016203245867 1.79820121524344 1.998001350270489 
350 15.256720823578528 2.6154378554706046 1.9615783916029534 2.1795315462255043 
360 16.602158991134225 2.8460843984801527 2.1345632988601144 2.3717369987334607 
370 18.024459005871098 3.089907258149331 2.317430443611998 2.5749227151244427 
380 19.52575591909973 3.34727244327424 2.5104543324556796 2.7893937027285336 
390 21.108184782130724 3.6185459626509813 2.7139094719882357 3.015454968875818 
400 22.773880646274655 3.9040938250756554 2.9280703688067415 3.25341152089638 
410 24.52497856284212 4.204282039344363 3.1532115295082725 3.5035683661203034 
420 26.363613583143692 4.519476614253205 3.3896074606899034 3.766230511877671 
430 28.291920758489987 4.8500435585982835 3.6375326689487126 4.04170296549857 
440 30.312035140191565 5.196348881175697 3.8972616608817727 4.330290734313081 
450 32.42609177955903 5.558758590781548 4.1690689430861605 4.63229882565129 
460 34.63622572790297 5.937638696211938 4.453229022158953 4.948032246843282 
470 36.94457203653396 6.333355206262966 4.750016404697225 5.277796005219138 
480 39.3532657567626 6.7462741297307325 5.059705597298049 5.621895108108944 
490 41.864441939899486 7.1767614754113405 5.382571106558506 5.980634562842784 
500 44.48023563725518 7.625183252100888 5.718887439075666 6.354319376750741 
510 47.2027819001403 8.091905468595481 6.06892910144661 6.743254557162901 
520 50.03421577986541 8.577294133691215 6.432970600268411 7.147745111409346 
530 52.97667232774112 9.081715256184193 6.811286442138144 7.568096046820161 
540 56.032286595078006 9.605534844870515 7.2041511336528865 8.00461237072543 
550 59.20319363318664 10.149118908546283 7.611839181409712 8.457599090455236 
560 62.49152849337765 10.712833456007598 8.0346250920057 8.927361213339665 
570 65.89942622696161 11.297044496050562 8.472783372037922 9.414203746708802 
580 69.42902188524907 11.90211803747127 8.926588528103453 9.918431697892727 
590 73.08245051955068 12.52842008906583 9.396315066799373 10.440350074221527 
600 76.86184718117697 13.176316659630338 9.882237494722753 10.980263883025282 
610 80.76934692143855 13.846173757960894 10.384630318470672 11.53847813163408 
620 84.80708479164603 14.538357392853607 10.903768044640206 12.115297827378008 
630 88.97719584310998 15.25323357310457 11.439925179828426 12.711027977587143 
640 93.28181512714099 15.991168307509882 11.993376230632412 13.32597358959157 
650 97.72307769504965 16.752527604865655 12.564395703649241 13.96043967072138 
660 102.30311859814653 17.537677473967975 13.153258105475981 14.614731228306647 
670 107.02407288774225 18.346983923612957 13.760237942709718 15.289153269677465 
680 111.88807561514737 19.180812962596693 14.38560972194752 15.984010802163912 
690 116.89726183167251 20.039530599715288 15.029647949786465 16.699608833096075 
700 122.05376658862822 20.923502843764837 15.692627132823628 17.436252369804034 
710 127.35972493732511 21.83309570354145 16.374821777656088 18.194246419617876 
720 132.8172719290738 22.76867518784122 17.076506390880915 18.973895989867685 
730 138.4285426151848 23.73060730546025 17.797955479095187 19.775506087883542 
740 144.19567204696878 24.719258065194648 18.539443548895985 20.59938172099554 
750 150.12079527573624 25.7349934758405 19.301245106880376 21.445827896533753 
760 156.20604735279784 26.77817954619392 20.083634659645437 22.31514962182827 
770 162.45356332946417 27.849182285051 20.88688671378825 23.207651904209172 
780 168.8654782570458 28.94836770120785 21.711275775905886 24.123639751006543 
790 175.4439271868533 30.076101803460567 22.557076352595427 25.063418169550474 
