0.0003 43.1283 928762 -7.37324 -7.80324 -8.16324 -8.63324 -9.09324 -7.49424 -7.68363 -7.94363
0.000330953 43.2737 896895 -7.76214 -8.19214 -8.55214 -9.02214 -9.48214 -7.9744 -8.15872 -8.41872
0.000365099 43.4055 866122 -8.11699 -8.54699 -8.90699 -9.37637 -9.83637 -8.41689 -8.59751 -8.85751
0.000402769 43.525 836405 -8.44613 -8.87613 -9.23613 -9.70045 -10.1604 -8.82715 -9.01284 -9.27284
0.000444325 43.6333 807707 -8.74654 -9.17591 -9.53591 -9.99654 -10.4565 -9.20719 -9.39656 -9.65656
0.000490169 43.7315 779994 -9.02239 -9.44669 -9.80669 -10.2724 -10.7324 -9.56922 -9.75352 -10.0135
0.000540743 43.8205 753232 -9.27442 -9.69506 -10.0551 -10.5244 -10.9844 -9.90456 -10.0846 -10.3446
0.000596535 43.901 727388 -9.50619 -9.93189 -10.2919 -10.7562 -11.2162 -10.2174 -10.3974 -10.6574
0.000658083 43.9737 702430 -9.71818 -10.1482 -10.5082 -10.9682 -11.4282 -10.5078 -10.6884 -10.9484
0.000725982 44.0387 678329 -9.91608 -10.3461 -10.7061 -11.1661 -11.6261 -10.7817 -10.9674 -11.2274
0.000800886 44.0951 655055 -10.0923 -10.5216 -10.8816 -11.3423 -11.8023 -11.032 -11.2214 -11.4814
0.000883518 44.1401 632580 -10.2455 -10.6697 -11.0297 -11.4955 -11.9555 -11.2612 -11.4455 -11.7055
0.000974677 44.1683 610875 -10.3555 -10.7755 -11.1355 -11.6055 -12.0648 -11.4447 -11.6247 -11.8847
0.00107524 44.1735 589916 -10.409 -10.829 -11.189 -11.659 -12.1133 -11.5692 -11.7492 -12.0092
0.00118618 44.1545 569675 -10.4011 -10.8218 -11.1818 -11.6511 -12.1018 -11.6304 -11.8111 -12.0704
0.00130857 44.1174 550129 -10.3489 -10.7746 -11.1346 -11.5989 -12.0546 -11.6491 -11.8349 -12.0891
0.00144358 44.0699 531254 -10.2702 -10.7002 -11.0602 -11.5202 -11.9802 -11.6396 -11.8289 -12.0789
0.00159252 44.0173 513026 -10.1843 -10.6143 -10.9743 -11.4343 -11.8943 -11.6246 -11.8089 -12.0589
0.00175683 43.9623 495424 -10.092 -10.522 -10.882 -11.342 -11.802 -11.6002 -11.7802 -12.0309
0.00193809 43.9063 478425 -10.0028 -10.4328 -10.7928 -11.2528 -11.7128 -11.5717 -11.7517 -12.0075
0.00213806 43.8499 462010 -9.91176 -10.3418 -10.7011 -11.1618 -11.6211 -11.5393 -11.7193 -11.9793
0.00235866 43.7987 446158 -9.83952 -10.2695 -10.6238 -11.0895 -11.5438 -11.5228 -11.7028 -11.9628
0.00260202 43.743 430850 -9.75521 -10.1845 -10.5352 -11.0045 -11.4552 -11.4922 -11.6722 -11.9322
0.00287048 43.6875 416067 -9.67724 -10.1015 -10.4572 -10.9215 -11.3772 -11.4649 -11.6449 -11.9049
0.00316665 43.6322 401792 -9.59843 -10.0184 -10.3784 -10.8384 -11.2984 -11.4355 -11.6155 -11.8755
0.00349337 43.5773 388006 -9.52196 -9.94196 -10.302 -10.762 -11.222 -11.4096 -11.5896 -11.8496
0.0038538 43.5228 374693 -9.44566 -9.86566 -10.2257 -10.6857 -11.1449 -11.382 -11.562 -11.822
0.00425143 43.4687 361837 -9.37638 -9.79638 -10.1564 -10.6164 -11.0706 -11.3584 -11.5384 -11.7984
0.00469007 43.4152 349422 -9.30755 -9.72755 -10.0875 -10.5475 -10.9975 -11.3333 -11.5133 -11.7726
0.00517398 43.3624 337433 -9.2463 -9.6663 -10.0263 -10.4863 -10.9363 -11.3126 -11.4926 -11.7468
0.00570781 43.3102 325855 -9.18591 -9.60591 -9.96518 -10.4252 -10.8759 -11.291 -11.471 -11.721
0.00629672 43.259 314675 -9.13378 -9.55378 -9.90799 -10.368 -10.8238 -11.2743 -11.4543 -11.7043
0.00694639 43.2087 303878 -9.0823 -9.5023 -9.85303 -10.313 -10.7723 -11.2574 -11.4374 -11.6874
0.00766309 43.1596 293452 -9.03554 -9.45554 -9.81134 -10.2713 -10.7255 -11.2461 -11.4261 -11.6761
0.00845374 43.1118 283383 -8.99164 -9.41164 -9.7709 -10.2309 -10.6809 -11.2353 -11.4153 -11.6653
0.00932597 43.0655 273660 -8.96185 -9.38185 -9.73604 -10.196 -10.646 -11.2309 -11.4109 -11.6609
0.0102882 43.0207 262745 -8.94842 -9.36842 -9.71842 -10.1784 -10.6284 -11.2464 -11.4264 -11.6748
0.0113497 42.9777 247469 -8.98618 -9.40618 -9.75618 -10.2162 -10.6662 -11.3267 -11.5066 -11.7467
0.0125207 42.9365 233081 -9.03828 -9.45828 -9.80828 -10.2683 -10.7183 -11.4133 -11.5846 -11.8333
0.0138125 42.8972 219530 -9.10252 -9.52252 -9.87252 -10.3325 -10.7751 -11.4973 -11.6746 -11.9173
0.0152377 42.8599 206767 -9.17273 -9.59273 -9.94273 -10.4027 -10.8427 -11.5907 -11.7647 -12.0047
0.0168098 42.8246 194746 -9.25227 -9.67227 -10.0223 -10.4823 -10.9223 -11.6868 -11.8614 -12.0968
0.0185442 42.7914 183423 -9.34372 -9.76372 -10.1137 -10.5706 -11.0106 -11.7869 -11.9637 -12.1937
0.0204575 42.7601 172759 -9.44521 -9.86521 -10.2152 -10.6652 -11.1052 -11.8952 -12.0652 -12.2952
0.0225683 42.7307 162715 -9.55133 -9.97109 -10.3211 -10.7711 -11.2109 -12.0011 -12.1711 -12.4011
0.0248968 42.703 153255 -9.6717 -10.0828 -10.4328 -10.8828 -11.314 -12.1128 -12.2828 -12.5128
0.0274656 42.677 144345 -9.78876 -10.2062 -10.5488 -10.9988 -11.4362 -12.2288 -12.3988 -12.6288
0.0302993 42.6525 135952 -9.91419 -10.3281 -10.6742 -11.1181 -11.5581 -12.3481 -12.5181 -12.7421
0.0334255 42.6294 128048 -10.0452 -10.4552 -10.8052 -11.2452 -11.6806 -12.4706 -12.6359 -12.8559
0.0368743 42.6074 120604 -10.179 -10.589 -10.9357 -11.3757 -11.8057 -12.5925 -12.7557 -12.9725
0.0406788 42.5865 113592 -10.315 -10.725 -11.065 -11.505 -11.9333 -12.7115 -12.8815 -13.0915
0.0448759 42.5665 106988 -10.4531 -10.8631 -11.2031 -11.6428 -12.0628 -12.8328 -13.0024 -13.2124
0.049506 42.5474 100767 -10.5945 -11.0045 -11.3445 -11.7756 -12.1956 -12.9656 -13.1266 -13.3366
0.0546139 42.5289 94908.8 -10.7378 -11.1403 -11.4803 -11.9103 -12.3378 -13.0927 -13.2527 -13.4552
0.0602487 42.511 89390.9 -10.8823 -11.2823 -11.6223 -12.0523 -12.47 -13.22 -13.3738 -13.5738
0.066465 42.4935 84193.7 -11.0277 -11.4277 -11.763 -12.193 -12.603 -13.3435 -13.4982 -13.6935
0.0733226 42.4765 79298.8 -11.1705 -11.5705 -11.9038 -12.3305 -12.7405 -13.4639 -13.6239 -13.8139
0.0808877 42.4599 74688.4 -11.3105 -11.7105 -12.0486 -12.4686 -12.8768 -13.5868 -13.7449 -13.933
0.0892334 42.4435 70346 -11.4576 -11.8572 -12.1872 -12.6072 -13.0072 -13.7159 -13.8659 -14.0459
0.0984402 42.4274 66256.1 -11.6066 -11.9975 -12.3275 -12.7475 -13.1475 -13.8305 -13.9805 -14.1605
0.108597 42.4115 62404 -11.7487 -12.1464 -12.4687 -12.8811 -13.2811 -13.9534 -14.0958 -14.2681
0.119802 42.3958 58775.9 -11.8963 -12.29 -12.61 -13.02 -13.4138 -14.0713 -14.2113 -14.375
0.132162 42.3802 55358.7 -12.0414 -12.4314 -12.7514 -13.1566 -13.5417 -14.1869 -14.3221 -14.4821
0.145798 42.3647 52140.2 -12.1862 -12.5728 -12.8928 -13.2894 -13.6694 -14.2991 -14.4291 -14.5857
0.160841 42.3493 49108.8 -12.3341 -12.7141 -13.0321 -13.4221 -13.8001 -14.4062 -14.5362 -14.6822
0.177436 42.334 46253.6 -12.4753 -12.8553 -13.1648 -13.5543 -13.9243 -14.5127 -14.6422 -14.7722
0.195743 42.3187 43564.4 -12.6177 -12.9977 -13.2986 -13.6795 -14.0495 -14.6121 -14.733 -14.863
0.21594 42.3036 41031.6 -12.7607 -13.133 -13.433 -13.813 -14.1675 -14.7121 -14.8321 -14.9466
0.238219 42.2884 38646.1 -12.9036 -13.2672 -13.5672 -13.9409 -14.2845 -14.8055 -14.9192 -15.0229
0.262798 42.2733 36399.2 -13.0413 -13.4062 -13.7013 -14.0663 -14.4014 -14.8966 -15.0017 -15.0919
0.289912 42.2582 34283 -13.1786 -13.5451 -13.8316 -14.1881 -14.5146 -14.9841 -15.0806 -15.1571
0.319825 42.2432 32289.8 -13.3187 -13.6767 -13.9567 -14.3046 -14.6225 -15.0643 -15.1543 -15.2201
0.352823 42.2282 30412.5 -13.4521 -13.8021 -14.0815 -14.4209 -14.7303 -15.1378 -15.2266 -15.2754
0.389226 42.2132 28644.3 -13.5864 -13.9364 -14.2072 -14.538 -14.8388 -15.212 -15.2836 -15.3152
0.429385 42.1982 26978.9 -13.7213 -14.0635 -14.3335 -14.6478 -14.94 -15.2709 -15.3331 -15.3553
0.473687 42.1832 25410.4 -13.856 -14.1895 -14.4531 -14.7567 -15.0338 -15.3281 -15.3817 -15.3824
0.52256 42.1682 23933.1 -13.9853 -14.3153 -14.5703 -14.8653 -15.1253 -15.3802 -15.4201 -15.4001
0.576476 42.1532 22541.6 -14.1145 -14.4373 -14.6837 -14.9701 -15.2129 -15.4213 -15.4477 -15.407
0.635955 42.1383 21231 -14.2462 -14.554 -14.7919 -15.0675 -15.2932 -15.4503 -15.466 -15.4017
0.701571 42.1233 19996.7 -14.3705 -14.6705 -14.8998 -15.1577 -15.367 -15.4727 -15.4706 -15.3885
0.773956 42.1084 18834.1 -14.4877 -14.7877 -15.0084 -15.2405 -15.4412 -15.4955 -15.4676 -15.3597
0.85381 42.0935 17739.1 -14.6134 -14.8976 -15.1097 -15.3238 -15.5001 -15.4947 -15.4489 -15.3152
0.941903 42.0785 16707.7 -14.7265 -15 -15.2035 -15.407 -15.5574 -15.4853 -15.4222 -15.2627
1.03908 42.0636 15736.4 -14.8403 -15.1052 -15.295 -15.4797 -15.6044 -15.4686 -15.3833 -15.1928
1.14629 42.0486 14821.5 -14.9537 -15.2063 -15.3827 -15.5416 -15.6405 -15.441 -15.3263 -15.1052
1.26456 42.0337 13959.7 -15.062 -15.2975 -15.463 -15.5985 -15.6695 -15.3992 -15.2502 -15.0035
1.39504 42.0188 13148.1 -15.1692 -15.3884 -15.536 -15.6536 -15.6912 -15.3432 -15.16 -14.8868
1.53897 42.0038 12383.7 -15.2691 -15.4798 -15.6016 -15.6935 -15.7053 -15.2715 -15.054 -14.7465
1.69776 41.9889 11663.7 -15.3617 -15.5557 -15.6677 -15.7257 -15.7037 -15.1837 -14.9237 -14.5897
1.87293 41.974 10985.6 -15.4535 -15.6303 -15.7271 -15.7507 -15.6876 -15.0749 -14.7785 -14.4055
2.06617 41.9591 10346.9 -15.5399 -15.6995 -15.7739 -15.7683 -15.6623 -14.9499 -14.6087 -14.2031
2.27935 41.9441 9745.34 -15.6227 -15.7613 -15.81 -15.7749 -15.6222 -14.8106 -14.418 -13.9829
2.51452 41.9292 9178.75 -15.7006 -15.8159 -15.8388 -15.7671 -15.5654 -14.655 -14.2086 -13.7415
2.77396 41.9143 8645.1 -15.7658 -15.8632 -15.8605 -15.746 -15.4998 -14.4781 -13.971 -13.4783
3.06017 41.8993 8142.48 -15.8314 -15.903 -15.8746 -15.7173 -15.411 -14.2779 -13.7022 -13.1838
3.37591 41.8844 7669.08 -15.8895 -15.9352 -15.8728 -15.6724 -15.3058 -14.0525 -13.4078 -12.8636
3.72422 41.8695 7223.2 -15.9401 -15.9534 -15.8633 -15.6064 -15.1795 -13.7991 -13.0788 -12.5154
4.10847 41.8546 6803.25 -15.9782 -15.9623 -15.8359 -15.5294 -15.0318 -13.5277 -12.7195 -12.1442
4.53237 41.8396 6407.71 -16.0056 -15.964 -15.7947 -15.4337 -14.8628 -13.2347 -12.3283 -11.7521
5 41.8247 6035.17 -16.0258 -15.9537 -15.7439 -15.3169 -14.6725 -12.9135 -11.9043 -11.3392
