0.0003 42.3604 956215 -5.43647 -5.86297 -6.22297 -6.69297 -7.15297 -5.48341 -5.66991 -5.92991
0.000330953 42.5967 923406 -6.04857 -6.47857 -6.83857 -7.30857 -7.76857 -6.18491 -6.37344 -6.63344
0.000365099 42.8109 891724 -6.60928 -7.03928 -7.39928 -7.86928 -8.32928 -6.83635 -7.01985 -7.27985
0.000402769 43.0051 861128 -7.12102 -7.55102 -7.91102 -8.37954 -8.83954 -7.43455 -7.61602 -7.87602
0.000444325 43.1811 831582 -7.59129 -8.02129 -8.38129 -8.84477 -9.30477 -7.98546 -8.17198 -8.43198
0.000490169 43.3407 803050 -8.01996 -8.44848 -8.80848 -9.26996 -9.72996 -8.49509 -8.68361 -8.94361
0.000540743 43.4853 775496 -8.41177 -8.83525 -9.19525 -9.66177 -10.1218 -8.97258 -9.15606 -9.41606
0.000596535 43.6164 748888 -8.76932 -9.19081 -9.55081 -10.0193 -10.4793 -9.4131 -9.5931 -9.8531
0.000658083 43.7352 723193 -9.09666 -9.52319 -9.88319 -10.3467 -10.8067 -9.82107 -10.0011 -10.2611
0.000725982 43.8429 698380 -9.39726 -9.82726 -10.1873 -10.6473 -11.1073 -10.1997 -10.3812 -10.6412
0.000800886 43.9406 674418 -9.67664 -10.1066 -10.4666 -10.9266 -11.3866 -10.5546 -10.7412 -11.0012
0.000883518 44.0291 651278 -9.9341 -10.3626 -10.7226 -11.1841 -11.6441 -10.8866 -11.0751 -11.3351
0.000974677 44.1091 628932 -10.1746 -10.5981 -10.9581 -11.4246 -11.8846 -11.2027 -11.3862 -11.6462
0.00107524 44.1814 607353 -10.395 -10.815 -11.175 -11.645 -12.1035 -11.4962 -11.6762 -11.9362
0.00118618 44.2459 586514 -10.5967 -11.0167 -11.3767 -11.8467 -12.3001 -11.7683 -11.9483 -12.2083
0.00130857 44.3018 566390 -10.7761 -11.1976 -11.5576 -12.0261 -12.4776 -12.0173 -12.1988 -12.4573
0.00144358 44.3461 546957 -10.9271 -11.3536 -11.7136 -12.1771 -12.6336 -12.2388 -12.4254 -12.6788
0.00159252 44.3731 528191 -11.036 -11.466 -11.826 -12.286 -12.746 -12.4174 -12.6058 -12.8558
0.00175683 44.3769 510068 -11.0909 -11.5209 -11.8809 -12.3409 -12.8009 -12.5427 -12.7262 -12.9762
0.00193809 44.3568 492567 -11.0867 -11.5167 -11.8767 -12.3367 -12.7967 -12.6051 -12.7851 -13.0366
0.00213806 44.3189 475667 -11.0424 -11.4724 -11.8324 -12.2924 -12.7524 -12.6212 -12.8012 -13.0578
0.00235866 44.271 459346 -10.9738 -11.4038 -11.7622 -12.2238 -12.6822 -12.6107 -12.7907 -13.0507
0.00260202 44.2181 443586 -10.8971 -11.3271 -11.6806 -12.1471 -12.6006 -12.5895 -12.7695 -13.0295
0.00287048 44.1631 428366 -10.8158 -11.2443 -11.5958 -12.0643 -12.5158 -12.5613 -12.7413 -13.0013
0.00316665 44.1071 413668 -10.7362 -11.1596 -11.5162 -11.9796 -12.4362 -12.5321 -12.7121 -12.9721
0.00349337 44.0543 399475 -10.6637 -11.0837 -11.4437 -11.9037 -12.3637 -12.5093 -12.6893 -12.9493
0.0038538 43.9981 385769 -10.5838 -11.0038 -11.3638 -11.8238 -12.2838 -12.4797 -12.6597 -12.9197
0.00425143 43.9421 372532 -10.5049 -10.9249 -11.2849 -11.7449 -12.2034 -12.449 -12.629 -12.889
0.00469007 43.8862 359751 -10.4308 -10.8508 -11.2108 -11.6708 -12.1242 -12.4202 -12.6002 -12.8602
0.00517398 43.8306 347407 -10.3579 -10.7779 -11.1379 -11.5979 -12.0479 -12.3905 -12.5705 -12.8289
0.00570781 43.7752 335487 -10.2899 -10.7099 -11.0699 -11.5299 -11.9799 -12.3628 -12.5428 -12.7962
0.00629672 43.7201 323977 -10.2234 -10.6434 -11.0018 -11.4618 -11.9134 -12.3344 -12.5144 -12.7644
0.00694639 43.6654 312861 -10.1621 -10.5821 -10.9355 -11.3955 -11.8521 -12.3084 -12.4884 -12.7384
0.00766309 43.6111 302126 -10.1009 -10.5209 -10.8724 -11.3324 -11.7909 -12.2819 -12.4619 -12.7119
0.00845374 43.5572 291760 -10.0419 -10.4619 -10.8185 -11.2785 -11.7319 -12.2582 -12.4382 -12.6882
0.00932597 43.504 281749 -9.98653 -10.4065 -10.7649 -11.2249 -11.6749 -12.2345 -12.4145 -12.6645
0.0102882 43.4515 272082 -9.94081 -10.3608 -10.7142 -11.1742 -11.6242 -12.2139 -12.3939 -12.6439
0.0113497 43.3997 262747 -9.89599 -10.316 -10.666 -11.126 -11.576 -12.194 -12.374 -12.6224
0.0125207 43.3489 253732 -9.8546 -10.2746 -10.6246 -11.0846 -11.5346 -12.1778 -12.3578 -12.6011
0.0138125 43.2992 245026 -9.81639 -10.2364 -10.5864 -11.0464 -11.4964 -12.1628 -12.3412 -12.5828
0.0152377 43.2507 236619 -9.78573 -10.2057 -10.5557 -11.0157 -11.4657 -12.1523 -12.3257 -12.5723
0.0168098 43.2035 228500 -9.75894 -10.1789 -10.5289 -10.9889 -11.4373 -12.1422 -12.3138 -12.5622
0.0185442 43.1579 220660 -9.7405 -10.1605 -10.5105 -10.9705 -11.4139 -12.1338 -12.3105 -12.5538
0.0204575 43.1139 207761 -9.79471 -10.2147 -10.5647 -11.0247 -11.4647 -12.2106 -12.3853 -12.6253
0.0225683 43.0717 195682 -9.85606 -10.2761 -10.6261 -11.0861 -11.5261 -12.2899 -12.4638 -12.6999
0.0248968 43.0314 184305 -9.92899 -10.349 -10.699 -11.1566 -11.5966 -12.3714 -12.549 -12.779
0.0274656 42.993 173590 -10.0127 -10.4327 -10.7827 -11.2327 -11.6727 -12.4627 -12.6327 -12.8627
0.0302993 42.9566 163498 -10.1017 -10.5217 -10.8717 -11.3217 -11.7617 -12.5517 -12.7217 -12.9517
0.0334255 42.9223 153992 -10.2051 -10.617 -10.967 -11.417 -11.8488 -12.647 -12.817 -13.047
0.0368743 42.89 145039 -10.3069 -10.7237 -11.0669 -11.5169 -11.9537 -12.7469 -12.9169 -13.1469
0.0406788 42.8595 136606 -10.4167 -10.8313 -11.1767 -11.6213 -12.0613 -12.8513 -13.0213 -13.2459
0.0448759 42.831 128664 -10.534 -10.944 -11.294 -11.734 -12.1701 -12.9601 -13.1261 -13.3461
0.049506 42.8041 121184 -10.6553 -11.0653 -11.4128 -11.8528 -12.2828 -13.0703 -13.2328 -13.4503
0.0546139 42.7788 114138 -10.7802 -11.1902 -11.5302 -11.9702 -12.3991 -13.1781 -13.3481 -13.5581
0.0602487 42.7549 107502 -10.909 -11.319 -11.659 -12.099 -12.5193 -13.2897 -13.4597 -13.6697
0.066465 42.7324 101252 -11.0422 -11.4522 -11.7922 -12.224 -12.644 -13.414 -13.5757 -13.7857
0.0733226 42.7109 95365.4 -11.178 -11.5811 -11.9211 -12.3511 -12.778 -13.5343 -13.6943 -13.8974
0.0808877 42.6905 89820.9 -11.316 -11.716 -12.056 -12.486 -12.905 -13.655 -13.8096 -14.0096
0.0892334 42.6709 84598.7 -11.4558 -11.8558 -12.1918 -12.6218 -13.0318 -13.7736 -13.9277 -14.1236
0.0984402 42.652 79680.2 -11.5945 -11.9945 -12.3272 -12.7545 -13.1645 -13.8893 -14.0493 -14.2393
0.108597 42.6338 75047.6 -11.7298 -12.1298 -12.4686 -12.8886 -13.2975 -14.0075 -14.1663 -14.3551
0.119802 42.6161 70684.4 -11.8739 -12.2739 -12.6042 -13.0242 -13.4244 -14.1344 -14.2847 -14.465
0.132162 42.5989 66574.9 -12.0206 -12.4122 -12.7422 -13.1622 -13.5622 -14.2471 -14.3971 -14.5771
0.145798 42.5821 62704.2 -12.1609 -12.5579 -12.8809 -13.294 -13.694 -14.367 -14.51 -14.6831
0.160841 42.5656 59058.6 -12.3058 -12.7002 -13.0202 -13.4302 -13.8246 -14.4835 -14.6235 -14.7879
0.177436 42.5493 55625 -12.4498 -12.8398 -13.1598 -13.5657 -13.9515 -14.5974 -14.7332 -14.8932
0.195743 42.5333 52391 -12.5924 -12.9797 -13.2997 -13.697 -14.077 -14.7089 -14.8389 -14.9961
0.21594 42.5175 49345 -12.7398 -13.1198 -13.4385 -13.8285 -14.2072 -14.8147 -14.9447 -15.0922
0.238219 42.5018 46476.1 -12.8802 -13.2602 -13.5704 -13.9604 -14.3306 -14.9209 -15.0509 -15.1813
0.262798 42.4863 43774 -13.0225 -13.4025 -13.704 -14.0856 -14.4556 -15.0202 -15.1418 -15.2718
0.289912 42.4708 41229 -13.1647 -13.5376 -13.8376 -14.2176 -14.5735 -15.1194 -15.2394 -15.3553
0.319825 42.4555 38832 -13.3069 -13.6712 -13.9712 -14.3456 -14.6899 -15.2129 -15.3273 -15.4316
0.352823 42.4402 36574.3 -13.4447 -13.8089 -14.1047 -14.4705 -14.8062 -15.3035 -15.4093 -15.5008
0.389226 42.425 34447.9 -13.5808 -13.948 -14.2352 -14.5924 -14.9196 -15.3912 -15.4884 -15.5656
0.429385 42.4098 32445.1 -13.7212 -14.0799 -14.3599 -14.7085 -15.0271 -15.4717 -15.5617 -15.629
0.473687 42.3947 30558.8 -13.8544 -14.2045 -14.4845 -14.8246 -15.1347 -15.545 -15.635 -15.6852
0.52256 42.3796 28782.1 -13.9892 -14.3392 -14.6106 -14.9421 -15.2436 -15.6194 -15.6924 -15.7253
0.576476 42.3646 27108.7 -14.1238 -14.4666 -14.7366 -15.0523 -15.3452 -15.6794 -15.7423 -15.7652
0.635955 42.3495 25532.6 -14.2581 -14.5924 -14.8566 -15.1609 -15.4394 -15.7364 -15.7907 -15.7935
0.701571 42.3345 24048.2 -14.3879 -14.7179 -14.9736 -15.2693 -15.5306 -15.789 -15.8303 -15.8117
0.773956 42.3195 22650 -14.5162 -14.8404 -15.0875 -15.3746 -15.6188 -15.8314 -15.8585 -15.8198
0.85381 42.3045 21333.2 -14.6484 -14.9569 -15.1955 -15.4725 -15.6996 -15.8609 -15.878 -15.8151
0.941903 42.2895 20092.9 -14.7732 -15.0732 -15.3032 -15.5632 -15.7732 -15.8833 -15.8833 -15.8033
1.03908 42.2746 18924.7 -14.8911 -15.1911 -15.4125 -15.6466 -15.848 -15.9062 -15.8804 -15.7745
1.14629 42.2596 17824.4 -15.016 -15.3015 -15.5142 -15.7298 -15.9081 -15.9074 -15.8629 -15.7312
1.26456 42.2447 16788.1 -15.1303 -15.4044 -15.6086 -15.8128 -15.9653 -15.8986 -15.8369 -15.6794
1.39504 42.2297 15812.1 -15.2433 -15.5088 -15.7 -15.8867 -16.0135 -15.8826 -15.7993 -15.6116
1.53897 42.2148 14892.7 -15.3572 -15.6112 -15.7882 -15.9492 -16.0503 -15.8564 -15.7444 -15.5254
1.69776 42.1998 14026.9 -15.4653 -15.7022 -15.8691 -16.006 -16.0798 -15.8159 -15.6697 -15.4251
1.87293 42.1849 13211.4 -15.5731 -15.793 -15.9427 -16.0625 -16.1022 -15.7613 -15.5809 -15.3106
2.06617 42.1699 12443.3 -15.6737 -15.885 -16.0088 -16.1027 -16.1166 -15.6895 -15.4746 -15.1698
2.27935 42.155 11719.8 -15.7669 -15.9622 -16.0749 -16.1356 -16.1163 -15.603 -15.3464 -15.0144
2.51452 42.1401 11038.4 -15.8585 -16.0367 -16.1348 -16.1611 -16.1015 -15.4963 -15.2026 -14.833
2.77396 42.1251 10396.7 -15.9455 -16.1064 -16.1829 -16.1794 -16.0768 -15.3727 -15.0356 -14.6321
3.06017 42.1102 9792.22 -16.0281 -16.1689 -16.2196 -16.1873 -16.0388 -15.2349 -14.8464 -14.4141
3.37591 42.0953 9222.9 -16.1073 -16.2241 -16.2491 -16.1809 -15.9827 -15.0814 -14.6399 -14.175
3.72422 42.0804 8686.69 -16.1725 -16.272 -16.2714 -16.1605 -15.9192 -14.9068 -14.4054 -13.9148
4.10847 42.0654 8181.65 -16.2386 -16.3122 -16.2858 -16.1318 -15.8302 -14.7058 -14.1354 -13.619
4.53237 42.0505 7705.97 -16.2972 -16.345 -16.2853 -16.0883 -15.7264 -14.4826 -13.8433 -13.301
5 42.0356 7257.95 -16.3485 -16.3645 -16.2764 -16.0243 -15.6022 -14.232 -13.5178 -12.9558
