sim:nr PA area distance majoraxis n60 n70 n80 n90 probability
  76  18    0.29  89.08    1.73   1   1   1   1  1.00
 579  19    0.43 118.01    6.94   1   1   1   1  1.00
  68  62    0.47  66.24    4.98   1   1   1   1  1.00
  31  17    0.54 121.00    1.80   1   1   1   1  1.00
 412  13    0.96 157.66    2.91   1   1   1   1  1.00
 434  13    1.07 134.06    3.60   1   1   1   1  1.00
 422  48    1.18 157.30   72.65   1   1   1   1  1.00
  17  24    1.20 132.56    5.92   1   1   1   1  1.00
 217  51    1.29 142.90    2.68   1   1   1   1  1.00
 284  53    1.45 176.56    2.84   1   1   1   1  1.00
 272  63    1.46 165.32    4.09   1   1   1   1  1.00
 175  39    1.49 126.79    4.81   1   1   1   1  1.00
 332  31    1.60 171.00   27.16   1   1   1   1  1.00
 348  74    1.65 172.01    3.34   1   1   1   1  1.00
  18  42    1.72 103.83   13.97   1   1   1   1  1.00
 445  76    1.89 244.19   49.22   1   1   1   1  1.00
 379  50    2.04 255.66    3.46   1   1   1   1  1.00
 378  89    2.22 207.03    4.10   1   1   1   1  1.00
 228  15    2.36 266.61    3.80   1   1   1   1  1.00
  95  30    2.37 286.85    4.89   1   1   1   1  1.00
  37  58    2.49  83.51    7.28   1   1   1   1  0.99
 307  82    2.62 196.77    4.63   1   1   1   1  1.00
 316  46    2.89 219.07    5.42   1   1   1   1  1.00
 518  61    2.92 270.46   11.09   1   1   1   1  1.00
 305   6    2.94 225.22    6.16   1   1   1   1  1.00
 373  19    2.98 114.17    7.17   1   1   1   1  0.99
 268  58    3.03 107.17    8.78   1   1   1   1  0.97
 145  19    3.14 172.42    5.26   1   1   1   1  1.00
 333  60    3.17 228.53    3.88   1   1   1   1  1.00
 514  62    3.39 159.12   14.12   1   2   2   2  1.00
 367  39    3.44 336.45   24.17   1   1   1   1  0.98
  12  38    3.69 316.85   18.62   1   1   1   1  0.96
  73   4    4.06 235.19   30.82   1   1   1   1  0.99
 363  89    4.08 347.87  109.80   1   1   1   1  1.00
 357  15    4.18 136.29   10.36   1   1   1   1  0.93
  47  61    4.24 320.16   44.97   1   1   1   1  0.99
 306  15    4.30 223.77    6.28   1   1   1   1  0.99
  28  49    4.48 168.47    7.44   1   1   1   1  0.98
 207  69    4.54 327.49   91.83   1   1   1   1  0.99
 387  26    4.65 245.13    6.12   1   1   1   1  1.00
 298  13    4.74 251.26    5.59   1   1   1   1  1.00
 124  82    4.94 313.45   70.95   1   1   1   1  0.98
   4  16    4.97 292.76    8.23   1   1   1   1  0.98
  54   6    5.06 218.09    4.83   1   1   1   1  1.00
  46  18    5.15 251.77    5.78   1   1   1   1  0.99
 365  43    5.24 342.32   28.51   1   1   1   1  0.91
 398  60    5.25 136.07    3.59   1   1   1   1  0.98
 183  26    5.29  85.47   32.68   1   1   1   1  0.91
 473  75    5.38 331.27   24.78   1   1   1   2  1.00
 243  72    5.45 494.18   30.32   1   1   1   1  0.95
  38  75    5.49 258.99    9.21   1   1   1   1  0.97
 421  62    5.58 274.73    4.89   1   1   1   1  1.00
 259  38    5.68 258.62    5.50   1   1   1   1  1.00
   8  17    5.74 292.49    6.88   1   1   1   1  0.99
  24  19    5.95 267.30    8.95   1   1   1   1  0.96
 517  12    6.00 206.68   19.44   1   1   1   1  0.97
 235  64    6.24 162.11    6.33   1   1   1   1  0.99
 563  53    6.44 190.12    9.09   1   1   1   1  0.93
 447  24    6.44 321.07    6.90   1   2   2   2  1.00
 208  61    6.59 398.72    9.13   1   1   1   1  0.95
 258  46    6.77 478.62   44.07   1   1   1   1  0.96
 293   2    6.85 417.77   23.28   1   1   1   1  0.95
 410  10    7.05 244.12    8.34   1   1   1   1  0.97
  72  27    7.06 397.05   16.05   1   1   1   1  0.98
 510  74    7.28 373.69    8.52   1   1   1   1  0.98
 255   1    7.39 589.67   38.73   1   1   1   1  0.95
 577  58    7.65 403.60   47.28   1   1   1   1  0.93
  35  23    7.70 202.53   11.92   1   1   1   1  0.93
 396  40    7.81 112.21    8.28   1   1   1   1  0.96
 454  47    7.82 326.48   78.75   1   1   1   1  0.97
 402  47    7.82 268.91    9.50   1   1   1   1  0.98
 126  25    7.86 358.34    6.14   1   1   1   1  0.99
 286   3    7.95 330.91    7.34   1   1   1   1  0.98
 498  53    8.07 274.47    6.60   1   1   1   1  0.97
  82  15    8.14 210.59   22.69   1   1   1   1  0.92
 371  85    8.58 192.92   15.11   1   1   1   2  0.94
 335  23    8.62 193.54    6.94   1   1   1   1  0.97
 464   7    8.80 608.28    6.96   1   1   1   1  0.98
 229  37    8.99 320.14   26.43   1   1   1   1  0.91
 295  26    9.05 185.69    6.26   1   1   1   1  0.97
 123  19    9.06 517.11   61.19   1   1   1   1  0.97
 166  31    9.15 242.77    8.59   1   1   1   1  0.95
 448  34    9.24 196.05   12.67   1   1   1   2  0.92
 342  12    9.40 182.76   10.93   1   1   1   1  0.93
 324  63    9.41 342.65   12.52   1   1   1   2  0.95
 559  82    9.46 159.39   54.04   1   1   2   2  0.99
 542  67    9.47 407.62    5.90   1   1   1   1  0.97
 541  17    9.59 260.59   11.72   1   1   1   2  0.94
   6  88    9.60 330.98   56.34   1   1   1   1  0.94
 312  17    9.67 356.11   55.42   1   1   1   1  0.92
 449  70    9.75 450.96   57.77   1   1   1   1  0.93
 195  36    9.76 234.18   50.90   1   1   1   2  0.93
  70  16    9.83 430.09    8.90   1   1   1   1  0.96
 108  60   10.07 475.88    9.63   1   1   1   1  0.95
 426  89   10.11 422.49   55.42   1   1   1   1  0.93
  32   0   10.15 421.06    9.59   1   1   1   2  0.95
  99  15   10.33 287.79   12.27   1   1   1   1  0.91
 290  22   10.45 157.10   15.96   1   1   1   2  0.94
 345  78   10.94 321.97    9.77   1   1   1   1  0.92
 484  68   11.32 194.44    9.33   1   1   1   1  0.93
  93  57   11.68 432.65    7.26   1   1   1   1  0.95
 256  28   12.14 310.58   13.14   1   1   1   2  0.91
 430  62   12.21 157.01   13.63   1   1   1   2  0.91
 253  39   12.27 381.74   11.70   1   1   1   2  0.94
 130  18   12.31  51.87   13.39   1   1   1   2  0.95
 385   0   12.33 393.50    8.43   1   1   1   1  0.96
 414  82   12.59 154.50   11.21   1   1   1   2  0.94
 388  89   12.60 378.80   11.80   1   1   1   2  0.94
 288  37   12.73 366.23   12.44   1   1   1   2  0.93
 476  27   12.94 438.23   52.05   1   1   1   1  0.95
   3  79   13.05 493.66   10.34   1   1   1   1  0.93
 441  33   13.12 100.09   19.52   2   2   3   3  0.97
  25  32   13.15 449.66    8.71   2   2   2   2  0.98
 558  51   13.32 461.15   47.30   1   1   1   2  0.96
  30   0   13.37 270.30    9.91   1   1   1   1  0.93
 326  24   13.57 395.82   57.24   1   1   1   1  0.94
 418  56   13.57 168.36    5.58   1   1   1   1  0.95
 291  88   13.60 158.42   20.77   1   1   2   3  0.98
 458  10   13.92 410.92   62.17   1   1   1   3  0.97
 569  26   13.93 210.25   21.97   1   1   2   3  0.99
 485  44   14.01 146.83  162.66   2   2   3   4  0.94
 180  58   14.06 413.05   10.61   1   1   1   2  0.96
 462  12   14.34 424.55    7.00   1   1   1   1  0.94
 119  35   14.34 291.14    8.81   1   1   1   1  0.92
  23  10   14.61 538.68    9.31   1   1   1   1  0.95
 446  20   14.63 168.42   17.98   1   1   2   2  0.93
  98  84   14.85 140.95   13.73   1   2   2   3  1.00
 471   0   14.93 396.81    9.39   1   1   1   1  0.92
 247  77   14.94 355.77    9.00   1   1   1   1  0.93
 194  41   15.03 281.66   13.51   1   1   1   2  0.94
  53   0   15.24 346.09   23.08   1   1   1   2  0.94
 459  86   15.28 495.80   34.77   1   1   1   2  0.97
 225  21   16.59 448.29   70.96   1   1   1   1  0.93
 469  11   16.87 310.64   13.58   1   1   1   2  0.91
 325  61   17.07 189.89   19.31   1   2   2   3  0.98
   2  10   17.50 302.27   36.34   1   1   2   3  0.98
 416  46   17.62 538.08   11.93   1   1   1   2  0.96
 482  61   18.23 242.49   17.40   1   2   2   3  0.99
 439  46   18.50 419.92   74.19   1   1   1   2  0.94
 220  55   18.67  95.71  106.39   1   2   2   3  0.95
 210  26   18.89 318.50    9.69   1   1   1   2  0.94
 162  79   18.91 469.23   27.67   1   1   2   2  0.96
 309  83   19.24 251.54   24.03   1   1   2   3  0.92
 146  84   19.69 596.77    8.60   2   2   2   2  0.97
 202  89   19.88 234.63   10.77   1   1   1   2  0.97
 190  82   20.47 140.43   20.61   2   2   3   3  0.96
 415  47   20.97 322.22   35.05   1   1   1   2  0.91
 511  18   20.97 101.44  123.38   2   3   4   8  0.94
   9  27   21.13 391.87    9.88   1   1   1   2  0.96
 254  88   21.75 255.87   36.40   2   3   3   3  0.97
 112  25   21.99 187.81  152.75   3   3   4   5  0.91
 250  64   22.46 264.10   11.03   1   1   1   2  0.93
 381  13   23.02 572.60   19.29   1   1   1   2  0.93
 483  33   23.16 222.23   13.71   1   1   2   3  0.99
 199  64   23.23 364.10    9.91   1   1   1   3  0.90
 283   7   23.49 338.31   40.41   1   1   1   2  0.92
 523  53   23.59 448.81   16.00   1   2   2   3  0.98
  63  23   23.65 629.05   49.05   1   2   2   2  0.93
  34  60   24.13 199.39   40.70   3   5   6   7  0.91
 275  52   24.54 232.05   42.94   3   6   6   9  0.93
 524  71   24.73 480.49   75.92   1   1   1   3  0.91
  43   7   24.78 267.55   13.65   1   1   1   3  0.95
 347  84   24.91 181.23   18.32   1   2   2   3  0.97
 304  76   25.12 221.33   22.33   2   2   3   3  0.96
 425  52   25.17 348.52   16.15   1   2   2   3  0.97
 201  48   25.22 152.55   11.07   1   1   1   2  0.95
 116  57   25.33 541.18   12.18   1   1   2   3  0.99
 501  81   25.93 201.98   64.29   2   3   3   9  0.92
   1  32   26.17 565.84   29.38   2   2   2   4  0.91
 491  74   26.26 257.52   19.50   1   2   2   3  0.97
 251  45   26.44 190.44   24.98   2   2   3   4  0.97
 555  89   26.92 395.73  176.48   1   1   1   3  0.96
 408  78   27.33 290.82   12.08   1   1   1   2  0.92
 493  31   28.31 471.25   12.64   1   1   1   2  0.92
 334  86   28.43 141.20   44.28   3   4   6   8  0.92
 131  51   28.45 426.45   50.63   1   1   1   2  0.91
 490  28   28.70 172.52  158.48   3   4   5   8  0.90
  57  56   28.74 417.87   16.63   1   1   1   2  0.90
 548  48   28.94 253.68   25.63   2   2   3   3  0.90
 179  22   29.11 431.52   13.17   1   1   2   3  0.97
  19  85   29.24 469.70   12.94   1   1   1   2  0.93
 375  59   29.45 499.51   93.93   1   1   1   3  0.92
 572  65   30.51 258.65   19.16   1   2   2   3  0.95
 302  54   30.71 373.96   15.63   1   2   2   3  0.97
  62  62   31.02 352.66   27.91   3   3   4   6  0.97
 205  17   31.23 164.89   32.78   3   3   4   7  0.90
 111  16   33.27 376.57   37.06   1   1   1   5  0.95
 465  53   33.35 294.84   27.69   1   1   1   3  0.92
 570  30   33.54 521.72   17.43   1   1   2   4  0.95
 234  45   33.75 566.68   78.72   1   1   2   3  0.92
 140  27   35.02 232.79   20.08   2   2   3   3  0.94
 472  17   35.20  92.77   54.54   5   7   9  12  0.94
  22   2   35.44  78.95   42.15   4   4   5   9  0.92
 404  82   36.68 440.71   12.62   1   1   2   3  0.93
 354  64   36.70 170.99   12.81   1   2   2   3  0.95
 203  75   37.12 421.05   11.98   1   1   2   3  0.94
  88  70   37.59 252.32   20.94   2   2   3   5  0.98
 574  48   37.60 298.14   23.95   1   2   2   3  0.92
 144  13   37.61 144.27   23.73   2   2   3   3  0.94
 135  53   37.77 432.05   12.12   1   1   2   3  0.94
 264   9   38.05 174.81   18.82   2   2   3   3  0.96
 547  35   38.23 274.50  104.29   1   2   2   4  0.91
 222  75   38.65 400.70   10.73   1   1   2   2   3  0.93
 188  71   38.89 336.25   12.80   7   2   2   3   3  0.93
 560  74   39.51  47.64   37.28   4   4   6   6   9  0.92
 401  38   39.56 130.19   16.81   4   2   3   3   4  0.91
 244  84   39.81 268.20    6.10  16   1   1   1   4  0.91
 442  88   39.96 318.01   15.50   4   1   2   3   3  0.94
 177  64   40.70 331.96   10.03   7   1   2   2   4  0.96
 227  89   41.31 259.41   14.95   2   2   2   2   3  0.93
 479  18   41.82 338.61   12.22   1   2   2   3   4  0.96
 578  48   41.88 415.26   17.66   2   2   3   3   3  0.93
 395  62   42.86 305.81   13.90   1   1   2   4   4  0.92
 457  22   42.92 117.96   40.72   5   3   3   7  10  0.90
  81  53   42.96 371.54   14.03   1   2   2   3   3  0.96
 189  75   43.17 424.87   13.97   3   1   2   2   3  0.93
 538  88   43.63 302.03   13.57   2   1   2   3   3  0.93
 117  60   44.13 166.38   33.09   4   4   6   6   9  0.95
 156  16   44.14 322.71   37.66  41   3   7   7   8  0.90
 182   0   44.59 231.73   49.12  38   3   3   4  11  0.96
 101  79   45.26 205.03   24.53   9   3   8   9  14  0.92
 377  12   45.54 114.37    7.63  14   1   2   3   3  0.93
 343  49   45.73 272.34   40.42  12   4   6   7   8  0.91
 129  50   46.07 513.28   20.20  10   2   2   3   4  0.95
 492  85   46.19 503.16    8.15   4   1   1   2   3  0.91
 174  81   47.98 388.89   22.89   6   2   3   3   4  0.90
  83  30   48.30 291.10   19.75   6   2   3   3   4  0.96
 528  77   48.68 372.41   65.41  11   6   6   8   9  0.90
 149  42   51.18 118.80    8.24   2   2   3   3   4  0.92
 543   2   51.48 541.39   12.73  20   2   2   2   3  0.91
  87  33   51.54 656.20    6.82   6   1   1   2   4  0.91
 125  56   51.94 254.97   13.73  11   2   2   3   5  0.91
 150   7   51.99 357.33   20.29   3   3   3   3   4  0.93
 118  47   52.27 350.75   14.78   1   2   2   3   3  0.92
 376  22   52.38 456.92    4.08   9   1   1   2   5  0.91
 382  14   52.51 454.13    8.74   2   2   2   3   3  0.91
 176  49   52.64 351.14   23.96   7   3   3   6   6  0.92
 115  20   53.08 454.81   21.59   3   1   2   3   4  0.92
 564  16   54.09 769.86    9.39  21   1   1   2   5  0.90
 294  72   54.60 173.74   27.84   4   3   3   4   5  0.93
 374   7   54.69 147.42   28.96   1   2   3   3   4  0.91
 429   7   54.99 504.39   19.11   9   2   2   3   5  0.92
 167  65   55.31 429.43   19.71   1   2   2   3   4  0.92
 432  70   55.69 338.88   21.59   3   2   3   3   4  0.90
 152  62   56.12 259.25   17.94   6   2   3   3   4  0.92
 323  40   56.24 349.33   15.16  17   2   3   3   5  0.91
   7  12   57.16  78.35   19.40   2   3   3   4   9  0.93
  55  53   57.95 507.53   12.11   3   2   3   4   4  0.92
 299  52   58.07 171.76    9.42   1   2   2   3   4  0.92
 565  74   58.43 395.43   11.69   4   2   2   4   5  0.97
 198  50   59.08 238.92   30.00   4   3   3   6   7  0.90
 368  55   59.51 454.09   21.13   3   2   3   3   4  0.93
 218  87   60.07 138.29   33.45   9   3   3   6   8  0.91
 113   8   60.56 104.60   52.81  22   7   8   9  13  0.92
  13  62   60.67 130.59   32.61   3   3   3   3   6  0.94
 419  52   61.31 251.19   43.24   9   6   7   9  11  0.92
  67  34   61.45 494.52   13.42   5   2   2   3   4  0.90
 520  52   61.63 259.92   24.06   2   2   3   3   4  0.90
 488  49   61.84 417.59   47.49  14   6   8   9  13  0.93
 193  51   64.12 464.39    7.79  20   1   2   3   6  0.93
 278  63   64.21 289.13   43.60   8   6   6   9  12  0.92
 192  67   64.33 386.94    6.10   1   2   3   4   6  0.91
 392  71   64.73 300.51   10.54   5   1   2   3   7  0.91
  91  70   65.40 201.99   68.30   7   2   3   4   5  0.93
 246  32   65.44 499.59    9.76   9   1   2   2   6  0.91
 521  24   66.52 248.19   29.79   5   3   4   6   7  0.93
 271  49   66.82 140.95   55.95   5   6   9  12  16  0.92
 455   1   68.48 354.33   48.54   4   6   8   9  12  0.90
 214  78   68.64 236.62   10.07   5   3   3   4   6  0.92
 318  72   69.03 561.08    8.61   7   1   2   3   5  0.90
 241  57   69.33 544.83   16.62   2   2   3   3   4  0.92
 551  60   73.18 280.20   48.63   3   6   9  12  15  0.93
  56  35   73.23 253.00   37.81   2   2   3   4   5  0.92
 453  21   73.32 207.98   35.78   4   4   6   6   7  0.90
  10  89   73.32 243.59   21.76   1   3   3   4   6  0.90
 236  68   73.50 603.25    6.66  15   1   2   2   6  0.90
 266  45   75.01 286.47   51.78   3   6   7  12  14  0.91
 237  14   75.29 155.90   17.58  15   2   3   3   6  0.93
 433  30   75.47 238.67    7.59   6   1   2   4   9  0.91
 568  70   76.28 387.12   14.36   3   2   3   3   7  0.95
 321  40   78.11 245.79    6.83   3   1   2   3   6  0.90
 359  54   79.08 289.17   19.61   7   2   3   4   6  0.90
 539  87   81.39 128.33    7.93   1   2   3   3   6  0.93
 513  34   85.86 373.85   26.46   6   2   3   4   6  0.90
 353  66   85.87 240.28   52.60  32   7   8  12  18  0.91
 274  20   86.00 142.11   28.68   3   6   8  10  17  0.92
 364  80   86.41 345.72   18.01  15   2   3   4   5  0.93
 431  17   86.54 484.11   15.97  10   2   2   3   6  0.90
 248  79   87.20 305.25   41.46   7   6   9  10  13  0.90
 329  81   87.42 268.66   20.83   2   2   3   4   6  0.91
  89  22   87.51 460.57   24.89  14   2   3   4   5  0.93
 221  59   87.66 131.85   48.87  63   9  11  14  20  0.91
 344   2   88.29 405.34   18.05   8   2   3   3   6  0.91
 504  56   89.02 682.91    5.57   9   1   1   1   9  0.92
 281  29   89.28 628.39   14.87  13   2   2   3   9  0.90
 257  49   89.69 125.35   21.99  26   3   3   4   5  0.92
 147  57   92.19 129.58   18.51  16   2   3   4   7  0.91
 383  87   92.23 260.19   40.90  10   3   5   7  15  0.91
 440  56   92.46 393.10   18.27   9   2   3   4   8  0.90
 103  84   92.56 512.30   13.58   6   2   3   4   7  0.90
 289  18   92.91 306.98    8.48   8   1   2   3  11  0.90
 489  85   94.03 432.82   22.49   1   3   4   6   7  0.90
 204  11   97.39 566.19    6.18   7   1   2   4  10  0.91
 463  72   99.02 170.82   20.47   4   2   3   4   7  0.92
 106  77  100.50 177.65   52.23  21   7  10  13  17  0.90
 240  45  100.95  90.05   32.84  26   4   6   8  16  0.90
 260  50  101.35 133.59   19.33  19   3   3   4   8  0.94
  65  66  102.00 370.04   39.76  12   3   4   6   8  0.92
 273  22  103.49 316.11   44.55  10   6   7  10  15  0.92
  84   6  105.02 428.30    6.59   1   2   2   3   7  0.90
  90  26  105.06 327.36   17.09   3   3   4   4   8  0.92
 499  87  106.37 287.19  145.71   8   6  11  13  19  0.90
  41  67  106.44  95.26   75.15  77   9  11  15  20  0.92
 233   5  107.01 393.52   51.84   1   8   9  12  15  0.93
 209   5  107.14 238.48   32.90   8   3   5   7   9  0.93
 224  68  108.19 312.11   24.30  10   3   4   5   8  0.90
 282  39  109.37 569.31   19.02  16   2   3   3  14  0.90
 109  83  109.51 537.57   27.01   9   3   4   5   9  0.91
 496  25  109.77 437.22   29.17   4   3   4   6   8  0.93
 102  19  110.17 225.57   28.15  38   3   4   5   6  0.90
 287  76  110.36 539.04   20.75   1   3   3   4   8  0.91
 339  24  111.26 371.02   21.54   2   3   4   6   8  0.90
 215  76  111.62 475.43   46.09   9  10  13  18  24  0.91
 406  62  111.72 114.21   50.14   4   7   9  12  15  0.91
 522  88  112.27 305.72   33.14   7   6   6   7  10  0.94
 346  32  112.47 167.80   18.04   1   3   3   5  12  0.90
 242  50  112.53 255.88   39.08   7   6   7  10  12  0.92
 380  64  112.92 217.45  132.35   7  12  14  18  23  0.91
 187  23  113.79 226.95   19.12  20   4   4   5  11  0.91
 466  43  114.45 355.99   61.49  14   4   5   9  10  0.92
 164  35  114.60 345.08   29.98  14   3   4   6   8  0.90
 470  28  115.80 180.34   32.20   4   9  12  17  23  0.91
  45  85  117.12 153.35   63.27  12   9  12  14  17  0.91
 393   4  117.28 209.82   24.89   1   2   3   5  13  0.91
 170   5  117.71 479.51   24.12   7   4   5   6   8  0.92
  97  24  118.29 426.08   42.77   1   4   5   8  11  0.93
 141  62  118.32 197.92   12.70   7   3   4   6  14  0.91
  44  11  121.28 456.76   33.20   4   3   3   6  16  0.92
 336  11  121.32 175.61   20.26   7   3   6   8  12  0.92
 308   1  123.84 426.99   30.26   2   4   6   8   9  0.90
 549  74  124.05 601.06    6.49   4   1   2   3   9  0.90
 127  17  125.32 451.80   38.04  18   5   5   7  13  0.93
 169  67  126.33 123.07   46.32   3   9  11  15  22  0.91
 142  30  126.50 309.84   16.17   3  11  14  20  22  0.91
 552  34  129.04 267.68   12.43   1   3   4   7  12  0.91
 443  85  129.51 468.94   20.54   3   4   9  10  18  0.92
 230   1  129.54 790.76    5.41  11   1   2   3  19  0.91
 311   6  129.79 237.27   44.74   2   6   9  10  13  0.91
 171   2  132.46 420.90    7.05   4   2   4   7  12  0.90
 211  60  133.00 225.11   48.77   3   8  11  14  18  0.90
 494  48  133.25 508.95   28.61  26   4   6   7  10  0.92
 505  31  133.65 476.82   21.48   2   4   4   6  14  0.94
 452  58  135.07 269.74   31.26   4   3   4   6  13  0.90
 553  84  136.24 265.06    6.33   9   1   2   6  13  0.92
 573   4  137.94 219.42   25.53   4   5   6   7   9  0.90
 270  74  138.86 337.61   41.78   7   8  11  12  15  0.90
 536  28  139.31 136.93   11.76  24   8   8  10  19  0.94
 508  79  143.12 576.16   32.61   4   6   6   8  11  0.92
  80  53  147.61 326.82   41.64  15   8   9  12  16  0.90
 502   7  148.82 258.48   21.19   3   3   5   6  16  0.90
 163  79  149.27 265.12   27.25  17   2   2   6  16  0.91
  42  69  149.66 370.03   61.38   9  14  17  21  27  0.91
 356  38  149.77 139.40   61.94  56  11  13  19  25  0.91
 107  44  151.00 486.80   38.95   4   3   5   9  11  0.90
  92  83  152.71 182.82   15.07   2   3   4   5  13  0.92
 317   0  154.18 400.55   87.12  23  14  18  23  30  0.92
 184  61  154.70 184.84   38.56  12   5   8  12  16  0.91
 405  11  154.85 376.75   47.68   8   7  10  13  17  0.92
 213   8  155.27 342.67   39.99  11  10  12  19  28  0.90
 122  47  155.44 501.39   28.17  25   3   4   7  12  0.91
  51  76  156.03 171.10    8.22   2   3   5   8  17  0.91
 530  81  158.39 437.19   19.70  20   3   3   5  15  0.90
 507  31  159.30 167.16   54.40  10   4   6  10  22  0.91
  94  24  160.41 298.79   45.90  26   4   5   9  12  0.90
 300  44  160.58 151.73    9.23   3   3   4   8  11  0.91
 391  36  161.14 616.27   18.03  17   2   3   5  13  0.90
 337  24  161.83 319.36   51.06 141  11  14  18  22  0.92
 239  72  165.00 520.53   37.23   6   4   6  12  15  0.92
 497  20  165.11 781.62   10.44   8   2   3   5  16  0.90
 576  16  165.97 448.10   35.05   2   6   8   9  11  0.90
 544  39  166.78 487.18    7.30   7   2   3   4  15  0.91
  75  39  168.55 400.36   20.86  10   2   2   4  21  0.91
 527  42  168.62 175.89   37.76  23   8   9  14  16  0.91
 562   5  170.41 522.21   33.25  19   4   5   9  11  0.91
   0  54  170.95 326.52   24.08   4   4  10  10  13  0.91
 575  49  172.12 200.86   46.17  35   9  10  13  17  0.91
  49  36  175.44 391.24   24.79   2   4   8   9  14  0.92
 196  50  175.58 229.15   40.15  39   9  11  15  20  0.91
 322  52  177.67 770.07   34.05   4   3   4   6  17  0.90
 515  14  181.08 193.92   54.90  25  15  17  25  30  0.88
 456  58  181.44 259.77   13.82   3   3   4   7  13  0.91
 389  37  183.03 496.88   37.21  12   5   6   8  14  0.91
 509  59  185.51 497.32   44.48   8   7   8  10  13  0.90
 403  53  186.33 327.36   25.83   5   4   7   8  14  0.90
 534  78  186.33 247.50   29.12  18   5   6   8  19  0.90
 223  55  187.86 302.25   15.41   5   4   6   8  30  0.90
 262  68  191.14 436.91   44.05   6  12  16  19  26  0.90
  59   4  192.25 350.13   12.21   3  11  12  18  24  0.91
 506  80  196.73 797.24    6.60   5   1   3   5  25  0.91
 468  10  197.45 343.18   43.86  11   9  11  13  21  0.92
 500  55  199.30 600.84   34.81   9   2   5   9  15  0.90
 571  17  201.72  84.54   41.10  61   8  10  13  18  0.91
 279  33  201.88 309.34   57.34  21  12  15  18  26  0.91
 475  24  204.07 181.77   30.33   5   6   8  14  18  0.92
 360  30  205.71 609.43   25.41   9   3   4  12  22  0.90
  40  52  208.01 493.83   20.18   9   2   3   8  17  0.91
 261  35  211.47 160.74   12.99   2   4   7   9  15  0.90
  61  67  216.62 335.66   18.70   2   3   5   9  24  0.91
 319  83  221.07 335.42   31.75   5   5   8  12  16  0.90
 328  57  223.81 137.68  100.06   9  12  16  20  30  0.91
 370  59  225.89 342.77   44.74   8   5  10  13  20  0.91
  27  82  228.89 260.07   17.44   2   6   8  11  20  0.90
 310  52  230.86 496.63   34.95  13   6   7   9  15  0.90
 437  48  231.62 433.46   41.94  20   4   5   9  19  0.90
  77  11  234.99 244.44   61.99   7   9  10  15  21  0.91
 411  31  235.17 183.65   13.75  52  21  26  30  30  0.78
 191  78  236.57 418.52   67.20  14   3   6  11  19  0.91
  74  15  238.00 298.24   26.40   4   6   7  10  18  0.91
 226  79  240.46 639.04   73.67  37   3   4  10  29  0.91
 168  35  241.20 463.71   24.66   9   5   7  11  20  0.91
 114  57  247.82 250.57   28.81   7   7  10  14  20  0.90
 155  79  250.52 296.23   48.34  26  15  20  27  30  0.86
 263  69  254.59 661.48   46.50  23   6   9  11  20  0.90
 104  27  254.74 478.02   13.04   5   3   5  15  24  0.90
 428  37  256.31 364.53   48.76 418  21  27  30  30  0.76
 533  40  256.47 386.40   40.51   4   9  12  17  27  0.90
 407  46  258.30 133.00   52.60   5  11  14  16  21  0.90
 320  73  259.05 393.10   92.14 367  12  16  19  27  0.92
 477  38  264.50 492.62   33.02  13   7   9  13  18  0.90
 132   8  267.41 137.44   63.61   3  12  15  19  26  0.90
 481  78  272.03 451.61   21.65   5   4   9  12  25  0.92
 110  10  273.06 654.25   38.60  35   8  11  13  18  0.90
 277  26  274.18 539.25   31.44   9   5  13  15  27  0.90
 400  74  274.81 300.29   31.92  19   8  11  14  21  0.90
 143   5  283.26 276.49   66.43  51  26  30  30  30  0.66
  71  64  283.47 344.84   21.38  16   7   9  13  30  0.89
 390   9  286.28 499.59   32.56   7   6   9  13  27  0.90
 185  46  287.35 438.44   40.20   3   5   9  14  27  0.90
  66  47  287.49 464.77   25.21   7   7   8  13  20  0.91
 417  39  290.45 393.94   27.20   5   6   9  30  30  0.77
 525  24  294.50 543.14   41.11  33   8  10  15  30  0.88
  85   2  294.53 256.23   52.13   8  10  12  16  23  0.90
 516  81  294.56 472.83   40.81   5   9  13  18  30  0.89
 285  40  295.75 296.77   39.64   3  18  23  26  30  0.89
 212  31  296.75 624.84   50.95  20   7  10  13  24  0.90
 181  70  300.85 495.88   22.64  11   4   6  26  30  0.87
 435   3  301.89 388.86   40.99  10   6   9  13  30  0.90
 338  82  304.72 343.81   97.17   4  11  19  22  30  0.89
 352  43  305.15 135.19   35.84  31   6   9  14  30  0.89
  96  13  310.36 272.34   35.60   4   7  13  20  30  0.88
 148   7  311.57 715.45   53.44  45   9  13  15  30  0.84
 460  54  313.11 497.39   43.33  21   7   9  13  24  0.91
 340  48  316.21 373.16   79.59  18  16  20  25  30  0.92
 165  62  317.02 151.71   63.02   4  10  13  17  30  0.89
 369   1  318.19 439.14   31.39  20   5   7  11  30  0.87
 276  80  322.96 409.17   49.65  23  10  11  15  30  0.85
 355  53  330.27 399.69   53.73  20   7  10  16  28  0.90
 154  56  336.41 713.49   49.97  17   7   8  11  30  0.89
 327  18  345.95 312.80   52.23   6  10  13  19  30  0.84
  20  41  356.93 204.50   73.35  40  12  15  24  30  0.84
  36  60  364.27 314.49   89.00  14  12  14  18  30  0.88
 550  23  369.52 372.92   54.88  16  15  20  23  30  0.90
 301  59  370.16 397.08   55.27  59  12  15  22  30  0.90
 151  89  373.04 308.85   96.37  11  12  14  18  30  0.87
   5  79  374.98 347.30   45.10  38   8  10  25  30  0.87
 350  85  378.64 558.79   21.75  21   8  10  17  29  0.90
 567  62  379.70 568.81   30.54   6   8  14  17  25  0.91
 444  49  390.09 286.68   40.98   3   9  12  15  30  0.89
 267  43  393.33 359.46   26.01  19   8  10  20  30  0.88
 495  10  408.06 497.51   40.93  41  13  16  20  30  0.89
 313  81  417.34 277.93   77.29   6  13  16  23  30  0.90
 362  60  420.04 368.35   33.31  33  12  14  23  30  0.88
 303  21  434.17 291.27   51.67  22  14  21  26  30  0.82
 372  47  437.30 199.88   42.53   3  18  20  27  30  0.87
 450  19  442.36 676.50   42.05  31  10  25  30  30  0.79
 330  82  445.73 331.35   52.38  93  18  23  30  30  0.80
 206  17  448.61 266.55   37.37   6  14  17  27  30  0.82
 120  59  453.66 551.88   29.59  17  11  16  23  30  0.88
 537  79  463.30 393.47   39.04   9  11  20  30  30  0.79
 554  65  464.21 359.86   62.29  29  19  25  30  30  0.78
 561  14  468.15 382.78   33.77   6  30  30  30  30  0.53
 535  46  469.59 419.61   44.15  44  26  30  30  30  0.68
 409  66  469.80 400.94   79.39  44  20  27  30  30  0.75
  16  42  478.92 483.05   92.11  35  15  20  27  30  0.82
 219  10  485.45 404.03   73.02  52  14  17  24  30  0.84
 519  34  488.44 452.24   53.58  10  13  19  25  30  0.86
  50   7  492.67 255.20   43.01  57  25  30  30  30  0.68
 200  69  506.97 326.80   51.68   6  18  20  26  30  0.82
 478  38  507.40 314.15   84.13 147  15  21  27  30  0.83
 331  25  509.06 237.27   56.11   3  17  22  29  30  0.82
 566  57  509.94 652.83   40.27  52  11  16  22  30  0.86
  78  80  521.76 292.10   57.53  41  18  24  29  30  0.82
 265  23  526.58 209.38   48.81  54  15  19  30  30  0.79
 292  74  536.39 347.19   83.14  56  16  21  26  30  0.83
 158  87  538.63 384.78   47.30  49  10  14  30  30  0.77
 252  73  539.19 601.54   61.11  33  22  29  30  30  0.73
 128  54  541.18 330.87   50.20   5  24  30  30  30  0.71
 436   1  542.80 289.75   68.81  53  29  30  30  30  0.62
 467   2  546.57 460.85   44.22  54  20  26  30  30  0.78
  15  31  546.80 441.70   75.49   2  13  18  30  30  0.79
  39  27  550.22 401.12   57.89  40  15  18  22  30  0.85
 438  49  557.99 366.83   72.94  25  22  29  30  30  0.73
 532  33  559.64 398.41   58.60   2  14  20  30  30  0.80
 133  67  564.19 273.24   34.55   8  20  30  30  30  0.68
 280  30  569.73 508.13   81.57  56  18  25  30  30  0.77
  60  56  573.69 150.82   53.66  44  20  24  30  30  0.82
 232  79  580.46 376.54   42.33   7  30  30  30  30  0.52
 314  78  597.20 380.59   51.68  40  22  27  30  30  0.75
 474  43  603.88 361.83   55.43 109  19  26  30  30  0.77
 529  54  610.88 543.63   77.77 232  16  21  28  30  0.82
 161  40  614.44 189.54   35.71   3  10  15  28  30  0.82
 512  75  615.84 347.54   55.79  92  17  26  30  30  0.76
 358  69  616.17 310.26   54.38   5  18  20  28  30  0.82
 480  67  618.91 406.43   59.22  44  26  30  30  30  0.69
 245  50  624.05 408.10   35.41  52  26  30  30  30  0.67
  86  60  631.27 349.02   54.45   3  24  30  30  30  0.66
 341  15  639.76 563.42   81.40  13  16  24  30  30  0.79
 238  77  647.65 349.31   33.77   9  30  30  30  30  0.59
 545  32  665.93 388.12   75.08   1  24  30  30  30  0.66
 297  15  674.12 384.49   54.49   6  30  30  30  30  0.54
 349  80  679.85 390.57   51.54  41  20  26  30  30  0.75
 269  87  689.88 428.05   64.66 216  19  27  30  30  0.75
 384  84  698.34 361.08   59.05  46  22  28  30  30  0.72
 399  59  710.20 587.43   89.97  15  17  22  30  30  0.79
  21   3  713.46 316.37   40.35  22  12  15  20  30  0.86
 105  18  713.74 231.41   16.40  26  24  30  30  30  0.68
 216  70  725.81 433.59   67.84  33  28  30  30  30  0.66
  69  87  731.91 486.64   73.55  44  24  30  30  30  0.68
 424  73  746.98 363.68   62.53   3  18  25  30  30  0.71
 160  77  748.79 301.36   86.82 225  18  30  30  30  0.68
 159  35  751.56 339.32   59.10  23  22  30  30  30  0.70
 557  79  752.08 398.61   84.69  24  22  28  30  30  0.72
 451  32  756.58 549.59   49.40  35  16  28  30  30  0.70
 503  47  758.09 562.60   65.45  26  30  30  30  30  0.59
 487  53  770.37 585.77   69.75  38  23  29  30  30  0.71
 139  27  772.74 605.79   68.66  58  28  30  30  30  0.64
 420  61  773.29 417.77   64.09  33  30  30  30  30  0.56
  58   0  776.10 318.54   57.46  29  24  30  30  30  0.70
  26  13  787.40 358.71    9.92  34  30  30  30  30  0.59
 461  89  788.80 353.16   52.88 245  25  30  30  30  0.69
  33  84  818.95 510.83   51.29  65  17  24  30  30  0.73
 556  19  835.90 520.78   79.07  50  21  30  30  30  0.71
 186  36  845.12 495.55   19.81  19  24  30  30  30  0.69
 486  79  854.36 554.34   62.53  53  25  30  30  30  0.67
 361  51  860.72 561.83   91.94 165  23  30  30  30  0.68
  52  88  865.93 582.25   86.66  32  26  30  30  30  0.67
 178  49  878.68 291.87   87.09   1  21  30  30  30  0.69
 173  33  882.62 193.28   82.81 522  30  30  30  30  0.51
 249  18  890.18 491.72   82.94  16  20  30  30  30  0.68
 531  65  914.69 325.98   20.45  31  14  30  30  30  0.67
 136  27  914.89 577.59   61.70  70  29  30  30  30  0.61