  8.7003901158E+004  3.3367245994E+013
  8.7063366138E+004  3.3367252041E+013
  8.7124357806E+004  3.3367258253E+013
  8.7182364135E+004  3.3367264173E+013
  8.7244072859E+004  3.3367270481E+013
  8.7302841901E+004  3.3367276500E+013
  8.7363037231E+004  3.3367282675E+013
  8.7422511802E+004  3.3367288788E+013
  8.7483339747E+004  3.3367295051E+013
  8.7543390177E+004  3.3367301246E+013
  8.7602667662E+004  3.3367307371E+013
  8.7663193133E+004  3.3367313637E+013
  8.7722917758E+004  3.3367319832E+013
  8.7783806873E+004  3.3367326158E+013
  8.7841953811E+004  3.3367332210E+013
  8.7903176693E+004  3.3367338594E+013
  8.7963588145E+004  3.3367344904E+013
  8.8023185720E+004  3.3367351141E+013
  8.8081971962E+004  3.3367357303E+013
  8.8143534430E+004  3.3367363768E+013
  8.8202418413E+004  3.3367369963E+013
  8.8262161434E+004  3.3367376259E+013
  8.8322661879E+004  3.3367382646E+013
  8.8382160196E+004  3.3367388939E+013
  8.8442323025E+004  3.3367395313E+013
  8.8503063580E+004  3.3367401761E+013
  8.8562717366E+004  3.3367408104E+013
  8.8622822180E+004  3.3367414507E+013
  8.8681802364E+004  3.3367420801E+013
  8.8742712363E+004  3.3367427313E+013
  8.8802419958E+004  3.3367433708E+013
  8.8862353179E+004  3.3367440139E+013
  8.8922379869E+004  3.3367446591E+013
  8.8982337610E+004  3.3367453047E+013
  8.9041963972E+004  3.3367459480E+013
  8.9101303822E+004  3.3367465893E+013
  8.9161857818E+004  3.3367472449E+013
  8.9222446955E+004  3.3367479021E+013
  8.9281790396E+004  3.3367485470E+013
  8.9342046350E+004  3.3367492029E+013
  8.9401993791E+004  3.3367498567E+013
  8.9461520549E+004  3.3367505071E+013
  8.9520993842E+004  3.3367511581E+013
  8.9581089611E+004  3.3367518171E+013
  8.9641231853E+004  3.3367524778E+013
  8.9700832240E+004  3.3367531338E+013
  8.9760844028E+004  3.3367537955E+013
  8.9821412510E+004  3.3370938494E+013
  8.9880829721E+004  3.3416589180E+013
  8.9940778738E+004  3.3479148162E+013
  9.0001352198E+004  3.3582387927E+013
  9.0061169746E+004  3.3667286113E+013
  9.0120908270E+004  3.3662234812E+013
  9.0181784736E+004  3.3666817536E+013
  9.0241895777E+004  3.3753148234E+013
  9.0301885647E+004  3.3749093355E+013
  9.0361270741E+004  3.3748792888E+013
  9.0421778586E+004  3.3754787865E+013
  9.0482010424E+004  3.3762650211E+013
  9.0541490132E+004  3.3772618273E+013
  9.0602518787E+004  3.3787252391E+013
  9.0662089922E+004  3.3805872660E+013
  9.0722893004E+004  3.3829143279E+013
  9.0781658308E+004  3.3855308896E+013
  9.0843013658E+004  3.3886178102E+013
  9.0901826343E+004  3.3919002781E+013
  9.0963117590E+004  3.3956420727E+013
  9.1023202302E+004  3.3995930974E+013
  9.1083757187E+004  3.4038119157E+013
  9.1142604681E+004  3.4080975665E+013
  9.1203686540E+004  3.4126923031E+013
  9.1262659957E+004  3.4172425629E+013
  9.1323750169E+004  3.4220550775E+013
  9.1384659731E+004  3.4269395553E+013
  9.1442768434E+004  3.4316672447E+013
  9.1502752851E+004  3.4366048744E+013
  9.1564678425E+004  3.4417541398E+013
  9.1623205232E+004  3.4466649693E+013
  9.1683470134E+004  3.4517618258E+013
  9.1745523921E+004  3.4570482698E+013
  9.1803531548E+004  3.4620217805E+013
  9.1863099657E+004  3.4671572880E+013
  9.1924268786E+004  3.4724576482E+013
  9.1983899785E+004  3.4776496736E+013
  9.2045048296E+004  3.4829983257E+013
  9.2104410795E+004  3.4882136094E+013
  9.2165198313E+004  3.4935766656E+013
  9.2223945304E+004  3.4987808016E+013
  9.2284017753E+004  3.5041215643E+013
  9.2345442561E+004  3.5096004761E+013
  9.2404513925E+004  3.5148858248E+013
  9.2464830405E+004  3.5202984674E+013
  9.2526415364E+004  3.5258408937E+013
  9.2585324383E+004  3.5311570705E+013
  9.2645388953E+004  3.5365917555E+013
  9.2706629223E+004  3.5421472069E+013
  9.2764865574E+004  3.5474433123E+013
  9.2828437000E+004  3.5532388155E+013
  9.2884531477E+004  3.5583631671E+013
  9.2945995100E+004  3.5639884041E+013
  9.3008568847E+004  3.5697262397E+013
  9.3067682348E+004  3.5751568510E+013
  9.3127782302E+004  3.5806880346E+013
  9.3188883039E+004  3.5863215617E+013
  9.3246184524E+004  3.5916141659E+013
  9.3309250746E+004  3.5974497322E+013
  9.3368391716E+004  3.6029321438E+013
  9.3428433795E+004  3.6085081156E+013
  9.3489388960E+004  3.6141793163E+013
  9.3546077013E+004  3.6194630482E+013
  9.3608816327E+004  3.6253216531E+013
  9.3667160690E+004  3.6307798626E+013
  9.3726312172E+004  3.6363229589E+013
  9.3786280638E+004  3.6419519115E+013
  9.3847076064E+004  3.6476676870E+013
  9.3908708526E+004  3.6534712483E+013
  9.3971188205E+004  3.6593635538E+013
  9.4028731754E+004  3.6647980075E+013
  9.4086991787E+004  3.6703073053E+013
  9.4145976182E+004  3.6758921568E+013
  9.4211705157E+004  3.6821235998E+013
  9.4266149974E+004  3.6872913384E+013
  9.4327355524E+004  3.6931070662E+013
  9.4389317748E+004  3.6990011420E+013
  9.4452044932E+004  3.7049742515E+013
  9.4509023276E+004  3.7104051141E+013
  9.4571994882E+004  3.7164126403E+013
  9.4628310377E+004  3.7217897216E+013
  9.4690569324E+004  3.7277396426E+013
  9.4746393138E+004  3.7330796401E+013
  9.4808271335E+004  3.7390042597E+013
  9.4870082976E+004  3.7449281241E+013
  9.4931922390E+004  3.7508601422E+013
  9.4987681332E+004  3.7562134914E+013
  9.5049841387E+004  3.7621864428E+013
  9.5112315875E+004  3.7681948454E+013
  9.5168897739E+004  3.7736409655E+013
  9.5232259107E+004  3.7797445186E+013
  9.5289815856E+004  3.7852933026E+013
  9.5347962384E+004  3.7909030932E+013
  9.5406784737E+004  3.7965822402E+013
  9.5473044078E+004  3.8029843055E+013
  9.5526816893E+004  3.8081836379E+013
  9.5588215494E+004  3.8141243138E+013
  9.5650668177E+004  3.8201712619E+013
  9.5707151145E+004  3.8256438360E+013
  9.5771884500E+004  3.8319199406E+013
  9.5830571767E+004  3.8376136148E+013
  9.5890425326E+004  3.8434240392E+013
  9.5951532762E+004  3.8493598929E+013
  9.6013985652E+004  3.8554303874E+013
  9.6069810861E+004  3.8608599916E+013
  9.6135048379E+004  3.8672089504E+013
  9.6193450105E+004  3.8728961504E+013
  9.6252586237E+004  3.8786581782E+013
  9.6312217565E+004  3.8844717687E+013
  9.6372347899E+004  3.8903373149E+013
  9.6432981081E+004  3.8962552127E+013
  9.6494120984E+004  3.9022258608E+013
  9.6555771510E+004  3.9082496602E+013
  9.6609024213E+004  3.9134555271E+013
  9.6671633498E+004  3.9195791099E+013
  9.6734764727E+004  3.9257570054E+013
  9.6789295682E+004  3.9310958849E+013
  9.6853406933E+004  3.9373757413E+013
  9.6918051708E+004  3.9437110941E+013
  9.6973889274E+004  3.9491858853E+013
  9.7030124452E+004  3.9547020236E+013
  9.7096238204E+004  3.9611901336E+013
  9.7153343918E+004  3.9667967776E+013
  9.7210855636E+004  3.9724456218E+013
  9.7278469377E+004  3.9790896403E+013
  9.7336870030E+004  3.9848308563E+013
  9.7395685278E+004  3.9906151419E+013
  9.7454917873E+004  3.9964427753E+013
  9.7514570589E+004  4.0023140368E+013
  9.7574646220E+004  4.0082295181E+013
  9.7635147579E+004  4.0141897454E+013
  9.7696077501E+004  4.0201949803E+013
  9.7757438840E+004  4.0262454841E+013
  9.7819234470E+004  4.0323415182E+013
  9.7871064666E+004  4.0374565150E+013
  9.7933664030E+004  4.0436366991E+013
  9.7996705940E+004  4.0498631522E+013
  9.8060193352E+004  4.0561361345E+013
  9.8113441985E+004  4.0613993502E+013
  9.8177753886E+004  4.0677583100E+013
  9.8231693799E+004  4.0730935362E+013
  9.8296840314E+004  4.0795393426E+013
  9.8351479997E+004  4.0849473017E+013
  9.8417471380E+004  4.0914808195E+013
  9.8472819432E+004  4.0969622302E+013
  9.8539666064E+004  4.1035843188E+013
  9.8595731191E+004  4.1091398947E+013
  9.8652125168E+004  4.1147294166E+013
  9.8720234603E+004  4.1214818564E+013
  9.8777358512E+004  4.1271465710E+013
  9.8834817167E+004  4.1328456951E+013
  9.8892612433E+004  4.1385793722E+013
  9.8962413717E+004  4.1455055953E+013
  9.9020956135E+004  4.1513157893E+013
  9.9079841196E+004  4.1571609891E+013
  9.9139070806E+004  4.1630413341E+013
  9.9198646879E+004  4.1689569627E+013
  9.9258571342E+004  4.1749080120E+013
  9.9318846130E+004  4.1808946179E+013
  9.9379473188E+004  4.1869169151E+013
  9.9440454475E+004  4.1929750368E+013
  9.9501791960E+004  4.1990692713E+013
  9.9563487628E+004  4.2052000813E+013
  9.9613103395E+004  4.2101311997E+013
  9.9675448835E+004  4.2163283507E+013
  9.9738158086E+004  4.2225626341E+013
  9.9801233184E+004  4.2288342487E+013
  9.9864676181E+004  4.2351433948E+013
  9.9915696851E+004  4.2402178697E+013
  9.9979807275E+004  4.2465950812E+013
  1.0004429141E+005  4.2530103916E+013
  1.0009614921E+005  4.2581702091E+013
  1.0016131134E+005  4.2646546156E+013
  1.0021371428E+005  4.2698699781E+013
  1.0027956130E+005  4.2764241532E+013
  1.0034579182E+005  4.2830173820E+013
  1.0039905382E+005  4.2883202256E+013
  1.0046598012E+005  4.2949842841E+013
  1.0051980158E+005  4.3003440676E+013
  1.0057387351E+005  4.3057293359E+013
  1.0064181739E+005  4.3124969281E+013
  1.0069645705E+005  4.3179399425E+013
  1.0076511422E+005  4.3247800699E+013
  1.0082032743E+005  4.3302813960E+013
  1.0087579743E+005  4.3358088218E+013
  1.0094549782E+005  4.3427549793E+013
  1.0100154986E+005  4.3483415447E+013
  1.0105786251E+005  4.3539545804E+013
  1.0111443694E+005  4.3595942018E+013
  1.0118552493E+005  4.3666812908E+013
  1.0124269273E+005  4.3723811538E+013
  1.0130012621E+005  4.3781079806E+013
  1.0135782656E+005  4.3838618887E+013
  1.0141579501E+005  4.3896429960E+013
  1.0148863442E+005  4.3969078096E+013
  1.0154721053E+005  4.4027505494E+013
  1.0160605871E+005  4.4086208754E+013
  1.0166518019E+005  4.4145189078E+013
  1.0172457621E+005  4.4204447673E+013
  1.0178424802E+005  4.4263985742E+013
  1.0184419686E+005  4.4323804258E+013
  1.0190442400E+005  4.4383904277E+013
  1.0196493068E+005  4.4444286956E+013
  1.0202571818E+005  4.4504953456E+013
  1.0208678775E+005  4.4565904938E+013
  1.0214814068E+005  4.4627142565E+013
  1.0220977822E+005  4.4688667503E+013
  1.0225619393E+005  4.4735000456E+013
  1.0231833265E+005  4.4797030994E+013
  1.0238075952E+005  4.4859352057E+013
  1.0244347584E+005  4.4921964822E+013
  1.0250648291E+005  4.4984870475E+013
  1.0256978206E+005  4.5048070205E+013
  1.0261744889E+005  4.5095663712E+013
  1.0268126236E+005  4.5159380964E+013
  1.0274537157E+005  4.5223395601E+013
  1.0280977786E+005  4.5287708840E+013
  1.0285827837E+005  4.5336140460E+013
  1.0292320785E+005  4.5400979192E+013
  1.0298843817E+005  4.5466119898E+013
  1.0303755918E+005  4.5515174343E+013
  1.0310331934E+005  4.5580846487E+013
  1.0316938417E+005  4.5646824026E+013
  1.0321913360E+005  4.5696508349E+013
  1.0328573503E+005  4.5763023351E+013
  1.0335264504E+005  4.5829847214E+013
  1.0340303092E+005  4.5880168565E+013
  1.0347048441E+005  4.5947535997E+013
  1.0352127957E+005  4.5998266494E+013
  1.0358928100E+005  4.6066181421E+013
  1.0364048879E+005  4.6117324020E+013
  1.0370904265E+005  4.6185790397E+013
  1.0376066647E+005  4.6237348077E+013
  1.0382977731E+005  4.6306369892E+013
  1.0388182058E+005  4.6358345653E+013
  1.0395149301E+005  4.6427926921E+013
  1.0400395920E+005  4.6480323786E+013
  1.0407419786E+005  4.6550468552E+013
  1.0412709048E+005  4.6603289563E+013
  1.0418016694E+005  4.6656293288E+013
  1.0425122265E+005  4.6727250119E+013
  1.0430473061E+005  4.6780682373E+013
  1.0435842460E+005  4.6834299226E+013
  1.0443030710E+005  4.6906076504E+013
  1.0448443772E+005  4.6960126306E+013
  1.0453875659E+005  4.7014362518E+013
  1.0461147574E+005  4.7086967282E+013
  1.0466623646E+005  4.7141638866E+013
  1.0472118768E+005  4.7196498021E+013
  1.0479475347E+005  4.7269936439E+013
  1.0485015183E+005  4.7325235741E+013
  1.0490574295E+005  4.7380724746E+013
  1.0496152754E+005  4.7436404102E+013
  1.0503620911E+005  4.7510940466E+013
  1.0509244780E+005  4.7567066503E+013
  1.0514888225E+005  4.7623385064E+013
  1.0520551317E+005  4.7679896809E+013
  1.0526234126E+005  4.7736602397E+013
  1.0531936722E+005  4.7793502494E+013
  1.0539571085E+005  4.7869673009E+013
  1.0545320124E+005  4.7927029551E+013
  1.0551089186E+005  4.7984582831E+013
  1.0556878341E+005  4.8042333521E+013
  1.0562687660E+005  4.8100282298E+013
  1.0568517215E+005  4.8158429838E+013
  1.0574367075E+005  4.8216776823E+013
  1.0580237314E+005  4.8275323933E+013
  1.0586128001E+005  4.8334071852E+013
  1.0592039209E+005  4.8393021268E+013
  1.0599952866E+005  4.8471935122E+013
  1.0605912236E+005  4.8531357388E+013
  1.0611892255E+005  4.8590982352E+013
  1.0617891711E+005  4.8650797888E+013
  1.0623910295E+005  4.8710800924E+013
  1.0629948063E+005  4.8770991983E+013
  1.0636005069E+005  4.8831371594E+013
  1.0640053788E+005  4.8871729679E+013
  1.0646142979E+005  4.8932424719E+013
  1.0652251553E+005  4.8993309728E+013
  1.0658379567E+005  4.9054385243E+013
  1.0664527074E+005  4.9115651806E+013
  1.0670694130E+005  4.9177109959E+013
  1.0676880791E+005  4.9238760250E+013
  1.0683087113E+005  4.9300603228E+013
  1.0689313150E+005  4.9362639447E+013
  1.0695558959E+005  4.9424869462E+013
  1.0701824596E+005  4.9487293834E+013
  1.0708110117E+005  4.9549913126E+013
  1.0712311539E+005  4.9591767889E+013
  1.0718630325E+005  4.9654713307E+013
  1.0724969147E+005  4.9717855160E+013
  1.0731328057E+005  4.9781193999E+013
  1.0737707112E+005  4.9844730394E+013
  1.0744106369E+005  4.9908464928E+013
  1.0748383793E+005  4.9951064984E+013
  1.0754816847E+005  5.0015131055E+013
  1.0761270257E+005  5.0079396836E+013
  1.0767744080E+005  5.0143862924E+013
  1.0774238373E+005  5.0208529837E+013
  1.0778579303E+005  5.0251751956E+013
  1.0785107843E+005  5.0316750910E+013
  1.0791657008E+005  5.0381949254E+013
  1.0798226857E+005  5.0447347502E+013
  1.0802618276E+005  5.0491057647E+013
  1.0809222729E+005  5.0556790219E+013
  1.0815848022E+005  5.0622724079E+013
  1.0820276491E+005  5.0666792071E+013
  1.0826936649E+005  5.0733062574E+013
  1.0833617806E+005  5.0799535765E+013
  1.0840320020E+005  5.0866212172E+013
  1.0844799890E+005  5.0910776271E+013
  1.0851537332E+005  5.0977792556E+013
  1.0858295991E+005  5.1045013480E+013
  1.0862813581E+005  5.1089941383E+013
  1.0869607734E+005  5.1157504569E+013
  1.0876423265E+005  5.1225273833E+013
  1.0880978858E+005  5.1270568100E+013
  1.0887830152E+005  5.1338682042E+013
  1.0892409644E+005  5.1384206600E+013
  1.0899296870E+005  5.1452666742E+013
  1.0906205736E+005  5.1521335341E+013
  1.0910823699E+005  5.1567230492E+013
  1.0917768768E+005  5.1636247757E+013
  1.0922410924E+005  5.1682375868E+013
  1.0929392368E+005  5.1751743355E+013
  1.0936395718E+005  5.1821321728E+013
  1.0941076819E+005  5.1867824749E+013
  1.0948116818E+005  5.1937755862E+013
  1.0952822409E+005  5.1984494572E+013
  1.0959899230E+005  5.2054780015E+013
  1.0964629427E+005  5.2101755479E+013
  1.0971743243E+005  5.2172396858E+013
  1.0976498161E+005  5.2219610151E+013
  1.0983649146E+005  5.2290609084E+013
  1.0988428903E+005  5.2338061289E+013
  1.0995617233E+005  5.2409419408E+013
  1.1000421944E+005  5.2457111619E+013
  1.1007647795E+005  5.2528830573E+013
  1.1012477579E+005  5.2576763893E+013
  1.1019741128E+005  5.2648845345E+013
  1.1024596102E+005  5.2697020887E+013
  1.1031897526E+005  5.2769466514E+013
  1.1036777809E+005  5.2817885398E+013
  1.1044117282E+005  5.2890696857E+013
  1.1049022991E+005  5.2939360185E+013
  1.1056400691E+005  5.3012539166E+013
  1.1061331944E+005  5.3061448083E+013
  1.1068748051E+005  5.3134996313E+013
  1.1073704969E+005  5.3184151975E+013
  1.1078672186E+005  5.3233406660E+013
  1.1086142367E+005  5.3307474769E+013
  1.1091135419E+005  5.3356977836E+013
  1.1098644442E+005  5.3431419403E+013
  1.1103663449E+005  5.3481172035E+013
  1.1108692873E+005  5.3531024828E+013
  1.1116256583E+005  5.3605992237E+013
  1.1121312133E+005  5.3656096272E+013
  1.1128915125E+005  5.3731441451E+013
  1.1133996925E+005  5.3781797939E+013
  1.1139089260E+005  5.3832255751E+013
  1.1146747558E+005  5.3908133050E+013
  1.1151866315E+005  5.3958848994E+013
  1.1156995677E+005  5.4009672067E+013
  1.1164709645E+005  5.4086107545E+013
  1.1169865603E+005  5.4137198439E+013
  1.1175032234E+005  5.4188396451E+013
  1.1182802239E+005  5.4265394290E+013
  1.1187995643E+005  5.4316860040E+013
  1.1193199790E+005  5.4368432850E+013
  1.1201026200E+005  5.4445992747E+013
  1.1206257296E+005  5.4497833089E+013
  1.1211499206E+005  5.4549780386E+013
  1.1216751952E+005  5.4601834599E+013
  1.1224651429E+005  5.4680116286E+013
  1.1229931351E+005  5.4732437585E+013
  1.1235222179E+005  5.4784865629E+013
  1.1243178914E+005  5.4863707709E+013
  1.1248497097E+005  5.4916402347E+013
  1.1253826258E+005  5.4969203504E+013
  1.1259166418E+005  5.5022111107E+013
  1.1267197325E+005  5.5101671925E+013
  1.1272565072E+005  5.5154845290E+013
  1.1277943890E+005  5.5208124806E+013
  1.1283333800E+005  5.5261510378E+013
  1.1288734822E+005  5.5315001907E+013
  1.1296857237E+005  5.5395437641E+013
  1.1302286132E+005  5.5449193595E+013
  1.1307726213E+005  5.5503055120E+013
  1.1313177501E+005  5.5557022094E+013
  1.1321375491E+005  5.5638169993E+013
  1.1326854888E+005  5.5692400024E+013
  1.1332345565E+005  5.5746735037E+013
  1.1337847544E+005  5.5801174889E+013
  1.1343360846E+005  5.5855719427E+013
  1.1348885493E+005  5.5910368497E+013
  1.1357193779E+005  5.5992537743E+013
  1.1362746879E+005  5.6047447423E+013
  1.1368311398E+005  5.6102461045E+013
  1.1373887357E+005  5.6157578427E+013
  1.1379474778E+005  5.6212799382E+013
  1.1385073682E+005  5.6268123717E+013
  1.1393493616E+005  5.6351303618E+013
  1.1399121323E+005  5.6406885517E+013
  1.1404760589E+005  5.6462570071E+013
  1.1410411435E+005  5.6518357059E+013
  1.1416073883E+005  5.6574246250E+013
  1.1421747954E+005  5.6630237398E+013
  1.1427433669E+005  5.6686330263E+013
  1.1433131051E+005  5.6742524595E+013
  1.1441699045E+005  5.6827005789E+013
  1.1447425688E+005  5.6883452663E+013
  1.1453164074E+005  5.6940000084E+013
  1.1458914225E+005  5.6996647772E+013
  1.1464676163E+005  5.7053395440E+013
  1.1470449910E+005  5.7110242795E+013
  1.1476235489E+005  5.7167189533E+013
  1.1482032922E+005  5.7224235346E+013
  1.1487842230E+005  5.7281379916E+013
  1.1493663436E+005  5.7338622917E+013
  1.1499496563E+005  5.7395964017E+013
  1.1505341633E+005  5.7453402872E+013
  1.1511198668E+005  5.7510939135E+013
  1.1517067690E+005  5.7568572444E+013
  1.1522948723E+005  5.7626302434E+013
  1.1531792841E+005  5.7713077869E+013
  1.1537703998E+005  5.7771047894E+013
  1.1543627244E+005  5.7829113244E+013
  1.1549562603E+005  5.7887273509E+013
  1.1555510096E+005  5.7945528272E+013
  1.1561469746E+005  5.8003877107E+013
  1.1567441577E+005  5.8062319575E+013
  1.1573425610E+005  5.8120855229E+013
  1.1579421870E+005  5.8179483784E+013
  1.1585430379E+005  5.8238205549E+013
  1.1591451160E+005  5.8297020768E+013
  1.1597484236E+005  5.8355929673E+013
  1.1603529629E+005  5.8414932500E+013
  1.1609587364E+005  5.8474029489E+013
  1.1615657464E+005  5.8533220884E+013
  1.1621739950E+005  5.8592506934E+013
  1.1627834848E+005  5.8651887890E+013
  1.1633942180E+005  5.8711364009E+013
  1.1640061969E+005  5.8770935552E+013
  1.1643126542E+005  5.8800757190E+013
  1.1649265061E+005  5.8860472367E+013
  1.1655416096E+005  5.8920283640E+013
  1.1661579670E+005  5.8980191284E+013
  1.1667755808E+005  5.9040195583E+013
  1.1673944531E+005  5.9100296820E+013
  1.1680145865E+005  5.9160495289E+013
  1.1686359833E+005  5.9220791286E+013
  1.1692586457E+005  5.9281185112E+013
  1.1698825764E+005  5.9341677074E+013
  1.1705077774E+005  5.9402267485E+013
  1.1711342514E+005  5.9462956663E+013
  1.1717620006E+005  5.9523744930E+013
  1.1723910275E+005  5.9584632616E+013
  1.1730213344E+005  5.9645620057E+013
  1.1733369686E+005  5.9676151291E+013
  1.1739692000E+005  5.9737289004E+013
  1.1746027175E+005  5.9798527334E+013
  1.1752375234E+005  5.9859866638E+013
  1.1758736201E+005  5.9921307279E+013
  1.1765110101E+005  5.9982849625E+013
  1.1771496958E+005  6.0044494053E+013
  1.1777896795E+005  6.0106240945E+013
  1.1784309637E+005  6.0168090690E+013
  1.1787520943E+005  6.0199054257E+013
  1.1793953338E+005  6.0261059029E+013
  1.1800398800E+005  6.0323167660E+013
  1.1806857351E+005  6.0385380557E+013
  1.1813329015E+005  6.0447698135E+013
  1.1819813817E+005  6.0510120825E+013
  1.1826311782E+005  6.0572649064E+013
  1.1829565708E+005  6.0603952903E+013
  1.1836083462E+005  6.0666640303E+013
  1.1842614440E+005  6.0729434381E+013
  1.1849158667E+005  6.0792335603E+013
  1.1855716167E+005  6.0855344442E+013
  1.1862286966E+005  6.0918461381E+013
  1.1865577360E+005  6.0950060541E+013
  1.1872168153E+005  6.1013340555E+013
  1.1878772306E+005  6.1076729912E+013
  1.1885389845E+005  6.1140229127E+013
  1.1892020795E+005  6.1203838721E+013
  1.1895341307E+005  6.1235685077E+013
  1.1901992419E+005  6.1299461239E+013
  1.1908657006E+005  6.1363349127E+013
  1.1915335091E+005  6.1427349295E+013
  1.1922026700E+005  6.1491462307E+013
  1.1925377584E+005  6.1523561309E+013
  1.1932089527E+005  6.1587844667E+013
  1.1938815057E+005  6.1652242323E+013
  1.1945554200E+005  6.1716754875E+013
  1.1952306981E+005  6.1781382933E+013
  1.1955688495E+005  6.1813740471E+013
  1.1962461782E+005  6.1878542953E+013
  1.1969248771E+005  6.1943462509E+013
  1.1976049489E+005  6.2008499785E+013
  1.1979455004E+005  6.2041062773E+013
  1.1986276362E+005  6.2106277863E+013
  1.1993111512E+005  6.2171612335E+013
  1.1999960482E+005  6.2237066873E+013
  1.2006823295E+005  6.2302642171E+013
  1.2010259901E+005  6.2335475326E+013
  1.2017143530E+005  6.2401233095E+013
  1.2024041068E+005  6.2467113411E+013
  1.2027495061E+005  6.2500099755E+013
  1.2034413512E+005  6.2566165277E+013
  1.2041345938E+005  6.2632355209E+013
  1.2048292365E+005  6.2698670314E+013
  1.2051770837E+005  6.2731875049E+013
  1.2058738314E+005  6.2798379376E+013
  1.2065719858E+005  6.2865010842E+013
  1.2072715495E+005  6.2931769697E+013
  1.2076218607E+005  6.2965196595E+013
  1.2083235434E+005  6.3032145190E+013
  1.2090266420E+005  6.3099220021E+013
  1.2093787231E+005  6.3132804711E+013
  1.2100839506E+005  6.3200068510E+013
  1.2107906008E+005  6.3267458018E+013
  1.2114986762E+005  6.3334973010E+013
  1.2118532492E+005  6.3368777489E+013
  1.2125634675E+005  6.3436480261E+013
  1.2132751178E+005  6.3504307912E+013
  1.2136314808E+005  6.3538268487E+013
  1.2143452841E+005  6.3606282968E+013
  1.2150605262E+005  6.3674421664E+013
  1.2154186875E+005  6.3708537503E+013
  1.2161360926E+005  6.3776861972E+013
  1.2168549429E+005  6.3845309912E+013
  1.2172149108E+005  6.3879580089E+013
  1.2179359341E+005  6.3948212659E+013
  1.2186584096E+005  6.4016967916E+013
  1.2190201926E+005  6.4051391448E+013
  1.2197448513E+005  6.4120330108E+013
  1.2204709689E+005  6.4189390605E+013
  1.2208345756E+005  6.4223966431E+013
  1.2215628867E+005  6.4293209010E+013
  1.2222926636E+005  6.4362572510E+013
  1.2226581025E+005  6.4397299487E+013
  1.2233900833E+005  6.4466843646E+013
  1.2241235367E+005  6.4536507745E+013
  1.2244908165E+005  6.4571384643E+013
  1.2252264842E+005  6.4641227874E+013
  1.2255948727E+005  6.4676194100E+013
  1.2263327608E+005  6.4746215497E+013
  1.2270721327E+005  6.4816355116E+013
  1.2274423760E+005  6.4851469115E+013
  1.2281839788E+005  6.4921785201E+013
  1.2289270725E+005  6.4992218339E+013
  1.2292991793E+005  6.5027478650E+013
  1.2300445144E+005  6.5098086445E+013
  1.2304177434E+005  6.5133433803E+013
  1.2311653263E+005  6.5204215113E+013
  1.2319144112E+005  6.5275111445E+013
  1.2322895178E+005  6.5310602576E+013
  1.2330408611E+005  6.5381670424E+013
  1.2334170985E+005  6.5417247002E+013
  1.2341707065E+005  6.5488485108E+013
  1.2349258279E+005  6.5559835999E+013
  1.2353039570E+005  6.5595553554E+013
  1.2360613538E+005  6.5667072506E+013
  1.2364406222E+005  6.5702873749E+013
  1.2372003008E+005  6.5774559379E+013
  1.2375807117E+005  6.5810443608E+013
  1.2383426785E+005  6.5882294489E+013
  1.2391061745E+005  6.5954254717E+013
  1.2394884967E+005  6.5990275627E+013
  1.2402542917E+005  6.6062398613E+013
  1.2406377650E+005  6.6098500514E+013
  1.2414058654E+005  6.6170784692E+013
  1.2417904931E+005  6.6206966790E+013
  1.2425609054E+005  6.6279410544E+013
  1.2433328625E+005  6.6351959753E+013
  1.2437194213E+005  6.6388273663E+013
  1.2444937009E+005  6.6460979608E+013
  1.2448814224E+005  6.6497371448E+013
  1.2456580310E+005  6.6570232365E+013
  1.2460469186E+005  6.6606701239E+013
  1.2468258626E+005  6.6679715308E+013
  1.2472159196E+005  6.6716260293E+013
  1.2479972056E+005  6.6789425635E+013
  1.2487800565E+005  6.6862690755E+013
  1.2491720697E+005  6.6899360458E+013
  1.2499572735E+005  6.6972773592E+013
  1.2503504648E+005  6.7009516797E+013
  1.2511380281E+005  6.7083075907E+013
  1.2515324008E+005  6.7119891579E+013
  1.2523223302E+005  6.7193594565E+013
  1.2527178876E+005  6.7230481638E+013
  1.2535101897E+005  6.7304326335E+013
  1.2539069351E+005  6.7341283710E+013
  1.2547016166E+005  6.7415267887E+013
  1.2550995534E+005  6.7452294433E+013
  1.2558966209E+005  6.7526415793E+013
  1.2562957524E+005  6.7563510342E+013
  1.2570952126E+005  6.7637766516E+013
  1.2574955422E+005  6.7674927868E+013
  1.2582974019E+005  6.7749316417E+013
  1.2586989328E+005  6.7786543335E+013
  1.2595031987E+005  6.7861061747E+013
  1.2599059344E+005  6.7898352955E+013
  1.2607126131E+005  6.7972998645E+013
  1.2611165570E+005  6.8010352832E+013
  1.2619256555E+005  6.8085123136E+013
  1.2623308109E+005  6.8122538949E+013
  1.2631423359E+005  6.8197431026E+013
  1.2635487063E+005  6.8234906753E+013
  1.2643626646E+005  6.8309917373E+013
  1.2647702533E+005  6.8347452314E+013
  1.2655866518E+005  6.8422581585E+013
  1.2659954623E+005  6.8460175966E+013
  1.2668143078E+005  6.8535424356E+013
  1.2672243436E+005  6.8573078419E+013
  1.2676347885E+005  6.8610752432E+013
  1.2684569074E+005  6.8686160426E+013
  1.2688685822E+005  6.8723894467E+013
  1.2696931641E+005  6.8799422778E+013
  1.2701060719E+005  6.8837217110E+013
  1.2709331235E+005  6.8912866291E+013
  1.2713472680E+005  6.8950721207E+013
  1.2721767962E+005  6.9026491866E+013
  1.2725921807E+005  6.9064407680E+013
  1.2734241926E+005  6.9140300460E+013
  1.2738408206E+005  6.9178277502E+013
  1.2742578640E+005  6.9216275030E+013
  1.2750931982E+005  6.9292331704E+013
  1.2755114898E+005  6.9330390932E+013
  1.2763493239E+005  6.9406571378E+013
  1.2767688673E+005  6.9444692682E+013
  1.2776092084E+005  6.9520997673E+013
  1.2780300070E+005  6.9559181451E+013
  1.2784512249E+005  6.9597386145E+013
  1.2792949197E+005  6.9673858473E+013
  1.2797173975E+005  6.9712126205E+013
  1.2805636158E+005  6.9788725051E+013
  1.2809873572E+005  6.9827056268E+013
  1.2818361062E+005  6.9903782552E+013
  1.2822611146E+005  6.9942177727E+013
  1.2826865462E+005  6.9980594330E+013
  1.2835386806E+005  7.0057492046E+013
  1.2839653840E+005  7.0095973274E+013
  1.2848200657E+005  7.0173000762E+013
  1.2852480447E+005  7.0211547143E+013
  1.2856764496E+005  7.0250115364E+013
  1.2865345389E+005  7.0327317577E+013
  1.2869642241E+005  7.0365951698E+013
  1.2878248775E+005  7.0443286289E+013
  1.2882558465E+005  7.0481986888E+013
  1.2886872441E+005  7.0520709779E+013
  1.2895513272E+005  7.0598222722E+013
  1.2899840134E+005  7.0637012915E+013
  1.2908506771E+005  7.0714661110E+013
  1.2912846554E+005  7.0753519261E+013
  1.2917190653E+005  7.0792400215E+013
  1.2925891812E+005  7.0870230845E+013
  1.2930248881E+005  7.0909180678E+013
  1.2934610282E+005  7.0948153632E+013
  1.2943346094E+005  7.1026169226E+013
  1.2947720514E+005  7.1065212034E+013
  1.2956482402E+005  7.1143368100E+013
  1.2960869878E+005  7.1182481532E+013
  1.2965261714E+005  7.1221618682E+013
  1.2974058483E+005  7.1299964498E+013
  1.2978463425E+005  7.1339173349E+013
  1.2982872743E+005  7.1378406286E+013
  1.2991704526E+005  7.1456944803E+013
  1.2996126999E+005  7.1496250577E+013
  1.3000553865E+005  7.1535580827E+013
  1.3009420794E+005  7.1614315158E+013
  1.3013860865E+005  7.1653719444E+013
  1.3022754240E+005  7.1732602780E+013
  1.3027207552E+005  7.1772082037E+013
  1.3031665286E+005  7.1811586495E+013
  1.3040594035E+005  7.1890671456E+013
  1.3045065058E+005  7.1930252183E+013
  1.3049540519E+005  7.1969858560E+013
  1.3058504774E+005  7.2049148727E+013
  1.3062993575E+005  7.2088832754E+013
  1.3067486831E+005  7.2128542902E+013
  1.3076486726E+005  7.2208042051E+013
  1.3080993373E+005  7.2247831299E+013
  1.3085504491E+005  7.2287647165E+013
  1.3094540161E+005  7.2367359259E+013
  1.3099064720E+005  7.2407255748E+013
  1.3103593768E+005  7.2447179374E+013
  1.3112665348E+005  7.2527108574E+013
  1.3117207888E+005  7.2567114421E+013
  1.3121754934E+005  7.2607147949E+013
  1.3130862560E+005  7.2687298615E+013
  1.3135423148E+005  7.2727416038E+013
  1.3139988260E+005  7.2767561714E+013
  1.3149132068E+005  7.2847938413E+013
  1.3153710774E+005  7.2888169735E+013
  1.3158294019E+005  7.2928429907E+013
  1.3162881809E+005  7.2968719083E+013
  1.3172071036E+005  7.3049385050E+013
  1.3176672482E+005  7.3089762155E+013
  1.3181278488E+005  7.3130168888E+013
  1.3190504200E+005  7.3211071886E+013
  1.3195123914E+005  7.3251568482E+013
  1.3199748205E+005  7.3292095364E+013
  1.3209010540E+005  7.3373240669E+013
  1.3213648591E+005  7.3413859435E+013
  1.3218291237E+005  7.3454509177E+013
  1.3222938483E+005  7.3495190069E+013
  1.3232246791E+005  7.3576646025E+013
  1.3236907861E+005  7.3617421450E+013
  1.3241573548E+005  7.3658228751E+013
  1.3250918791E+005  7.3739939726E+013
  1.3255598355E+005  7.3780843778E+013
  1.3260282553E+005  7.3821780461E+013
  1.3264971390E+005  7.3862749967E+013
  1.3274362997E+005  7.3944770734E+013
  1.3279065777E+005  7.3985815041E+013
  1.3283773212E+005  7.4026881937E+013
  1.3293202068E+005  7.4109083597E+013
  1.3297923498E+005  7.4150218415E+013
  1.3302649602E+005  7.4191375929E+013
  1.3307380383E+005  7.4232556166E+013
  1.3316855998E+005  7.4314984927E+013
  1.3321600840E+005  7.4356233509E+013
  1.3326350378E+005  7.4397504933E+013
  1.3331104616E+005  7.4438799228E+013
  1.3340627206E+005  7.4521456544E+013
  1.3345395568E+005  7.4562819630E+013
  1.3350168647E+005  7.4604205711E+013
  1.3354946448E+005  7.4645614821E+013
  1.3364516230E+005  7.4728502271E+013
  1.3369308221E+005  7.4769980681E+013
  1.3374104952E+005  7.4811482263E+013
  1.3378906425E+005  7.4853007055E+013
  1.3388523621E+005  7.4936126417E+013
  1.3393339353E+005  7.4977721065E+013
  1.3398159845E+005  7.5019339078E+013
  1.3402985104E+005  7.5060980495E+013
  1.3412649937E+005  7.5144333709E+013
  1.3417489520E+005  7.5186045590E+013
  1.3422333887E+005  7.5227781044E+013
  1.3427183042E+005  7.5269540116E+013
  1.3436895735E+005  7.5353129290E+013
  1.3441759282E+005  7.5394959484E+013
  1.3446627636E+005  7.5436813478E+013
  1.3451500800E+005  7.5478691319E+013
  1.3461261579E+005  7.5562518737E+013
  1.3466149203E+005  7.5604468413E+013
  1.3471041656E+005  7.5646442133E+013
  1.3475938942E+005  7.5688439950E+013
  1.3485748033E+005  7.5772508079E+013
  1.3490659846E+005  7.5814578499E+013
  1.3495576512E+005  7.5856673226E+013
  1.3500498033E+005  7.5898792318E+013
  1.3505424415E+005  7.5940935829E+013
  1.3515291780E+005  7.6025296339E+013
  1.3520232772E+005  7.6067513452E+013
  1.3525178643E+005  7.6109755218E+013
  1.3530129397E+005  7.6152021694E+013
  1.3535085040E+005  7.6194312943E+013
  1.3545011007E+005  7.6278970005E+013
  1.3549981342E+005  7.6321335944E+013
  1.3554956583E+005  7.6363726907E+013
  1.3559936734E+005  7.6406142951E+013
  1.3569911786E+005  7.6491050552E+013
  1.3574906696E+005  7.6533542243E+013
  1.3579906534E+005  7.6576059285E+013
  1.3584911306E+005  7.6618601748E+013
  1.3589921016E+005  7.6661169702E+013
  1.3599955268E+005  7.6746382372E+013
  1.3604979820E+005  7.6789027232E+013
  1.3610009328E+005  7.6831697875E+013
  1.3615043798E+005  7.6874394375E+013
  1.3620083233E+005  7.6917116809E+013
  1.3625127639E+005  7.6959865254E+013
  1.3635231381E+005  7.7045440487E+013
  1.3640290726E+005  7.7088267434E+013
  1.3645355061E+005  7.7131120710E+013
  1.3650424389E+005  7.7174000395E+013
  1.3655498716E+005  7.7216906574E+013
  1.3665662384E+005  7.7302798745E+013
  1.3670751735E+005  7.7345784909E+013
  1.3675846103E+005  7.7388797907E+013
  1.3680945493E+005  7.7431837827E+013
  1.3686049910E+005  7.7474904759E+013
  1.3691159358E+005  7.7517998791E+013
  1.3701393367E+005  7.7604268525E+013
  1.3706517938E+005  7.7647444412E+013
  1.3711647559E+005  7.7690647770E+013
  1.3716782236E+005  7.7733878696E+013
  1.3721921971E+005  7.7777137284E+013
  1.3732216642E+005  7.7863737843E+013
  1.3737371586E+005  7.7907080011E+013
  1.3742531608E+005  7.7950450239E+013
  1.3747696715E+005  7.7993848629E+013
  1.3752866909E+005  7.8037275284E+013
  1.3758042197E+005  7.8080730308E+013
  1.3763222582E+005  7.8124213806E+013
  1.3773598666E+005  7.8211266652E+013
  1.3778794374E+005  7.8254836217E+013
  1.3783995198E+005  7.8298434689E+013
  1.3789201145E+005  7.8342062178E+013
  1.3794412218E+005  7.8385718799E+013
  1.3799628423E+005  7.8429404663E+013
  1.3810076246E+005  7.8516864584E+013
  1.3815307873E+005  7.8560638873E+013
  1.3820544652E+005  7.8604442872E+013
  1.3825786585E+005  7.8648276700E+013
  1.3831033680E+005  7.8692140478E+013
  1.3836285939E+005  7.8736034329E+013
  1.3841543368E+005  7.8779958375E+013
  1.3852073756E+005  7.8867897551E+013
  1.3857346725E+005  7.8911912934E+013
  1.3862624882E+005  7.8960478161E+013
  1.3867908233E+005  7.9011956713E+013
  1.3873196781E+005  7.9063486605E+013
  1.3878490533E+005  7.9115067888E+013
  1.3883789493E+005  7.9166700611E+013
  1.3894403057E+005  7.9270120584E+013
  1.3899717670E+005  7.9321907934E+013
  1.3905037511E+005  7.9373746928E+013
  1.3910362584E+005  7.9425637616E+013
  1.3915692895E+005  7.9477580050E+013
  1.3921028448E+005  7.9529574282E+013
  1.3926369248E+005  7.9581620361E+013
  1.3931715300E+005  7.9633718339E+013
  1.3942423180E+005  7.9738070199E+013
  1.3947785018E+005  7.9790324184E+013
  1.3953152128E+005  7.9842630274E+013
  1.3958524514E+005  7.9894988521E+013
  1.3963902182E+005  7.9947398977E+013
  1.3969285137E+005  7.9999861693E+013
  1.3974673383E+005  8.0052376723E+013
  1.3980066926E+005  8.0104944117E+013
  1.3985465770E+005  8.0157563928E+013
  1.3996279383E+005  8.0262961070E+013
  1.4001694161E+005  8.0315738537E+013
  1.4007114261E+005  8.0368568664E+013
  1.4012539687E+005  8.0421451493E+013
  1.4017970445E+005  8.0474387070E+013
  1.4023406538E+005  8.0527375439E+013
  1.4028847973E+005  8.0580416645E+013
  1.4034294755E+005  8.0633510731E+013
  1.4039746887E+005  8.0686657743E+013
  1.4050667227E+005  8.0793110722E+013
  1.4056135443E+005  8.0846416778E+013
  1.4061609031E+005  8.0899775938E+013
  1.4067087996E+005  8.0953188246E+013
  1.4072572342E+005  8.1006653747E+013
  1.4078062074E+005  8.1060172486E+013
  1.4083557198E+005  8.1113744507E+013
  1.4089057718E+005  8.1167369856E+013
  1.4094563640E+005  8.1221048576E+013
  1.4100074969E+005  8.1274780712E+013
  1.4105591709E+005  8.1328566310E+013
  1.4116641446E+005  8.1436298070E+013
  1.4122174452E+005  8.1490244320E+013
  1.4127712890E+005  8.1544244212E+013
  1.4133256765E+005  8.1598297789E+013
  1.4138806082E+005  8.1652405096E+013
  1.4144360846E+005  8.1706566178E+013
  1.4149921063E+005  8.1760781081E+013
  1.4155486737E+005  8.1815049848E+013
  1.4161057874E+005  8.1869372525E+013
  1.4166634478E+005  8.1923749158E+013
  1.4172216556E+005  8.1978179790E+013
  1.4177804111E+005  8.2032664466E+013
  1.4188995675E+005  8.2141796134E+013
  1.4194599694E+005  8.2196443215E+013
  1.4200209211E+005  8.2251144520E+013
  1.4205824232E+005  8.2305900095E+013
  1.4211444762E+005  8.2360709984E+013
  1.4217070805E+005  8.2415574233E+013
  1.4222702367E+005  8.2470492886E+013
  1.4228339453E+005  8.2525465989E+013
  1.4233982068E+005  8.2580493587E+013
  1.4239630218E+005  8.2635575724E+013
  1.4245283907E+005  8.2690712446E+013
  1.4250943140E+005  8.2745903798E+013
  1.4256607924E+005  8.2801149825E+013
  1.4262278262E+005  8.2856450572E+013
  1.4267954160E+005  8.2911806085E+013
  1.4279322658E+005  8.3022681587E+013
  1.4285015268E+005  8.3078201668E+013
  1.4290713458E+005  8.3133776688E+013
  1.4296417233E+005  8.3189406692E+013
  1.4302126599E+005  8.3245091725E+013
  1.4307841561E+005  8.3300831833E+013
  1.4313562123E+005  8.3356627059E+013
  1.4319288292E+005  8.3412477451E+013
  1.4325020072E+005  8.3468383053E+013
  1.4330757468E+005  8.3524343911E+013
  1.4336500487E+005  8.3580360071E+013
  1.4342249132E+005  8.3636431577E+013
  1.4348003410E+005  8.3692558475E+013
  1.4353763325E+005  8.3748740811E+013
  1.4359528883E+005  8.3804978630E+013
  1.4365300089E+005  8.3861271978E+013
  1.4371076949E+005  8.3917620900E+013
  1.4376859467E+005  8.3974025443E+013
  1.4382647650E+005  8.4030485651E+013
  1.4388441501E+005  8.4087001570E+013
  1.4394241027E+005  8.4143573246E+013
  1.4400046233E+005  8.4200200725E+013
  1.4405857124E+005  8.4256884052E+013
  1.4417495982E+005  8.4370418434E+013
  1.4423323961E+005  8.4427269580E+013
  1.4429157645E+005  8.4484176758E+013
  1.4434997041E+005  8.4541140013E+013
  1.4440842155E+005  8.4598159391E+013
  1.4446692991E+005  8.4655234937E+013
  1.4452549554E+005  8.4712366699E+013
  1.4458411851E+005  8.4769554721E+013
  1.4464279886E+005  8.4826799050E+013
  1.4470153665E+005  8.4884099731E+013
  1.4476033193E+005  8.4941456810E+013
  1.4481918476E+005  8.4998870334E+013
  1.4487809519E+005  8.5056340349E+013
  1.4493706327E+005  8.5113866899E+013
  1.4499608906E+005  8.5171450033E+013
  1.4505517261E+005  8.5229089795E+013
  1.4511431398E+005  8.5286786231E+013
  1.4517351322E+005  8.5344539389E+013
  1.4523277038E+005  8.5402349313E+013
  1.4529208551E+005  8.5460216050E+013
  1.4535145868E+005  8.5518139646E+013
  1.4541088994E+005  8.5576120148E+013
  1.4547037934E+005  8.5634157601E+013
  1.4552992693E+005  8.5692252052E+013
  1.4558953278E+005  8.5750403547E+013
  1.4564919693E+005  8.5808612132E+013
  1.4570891943E+005  8.5866877854E+013
  1.4576870036E+005  8.5925200758E+013
  1.4582853975E+005  8.5983580893E+013
  1.4588843766E+005  8.6042018302E+013
  1.4594839415E+005  8.6100513034E+013
  1.4600840928E+005  8.6159065134E+013
  1.4606848309E+005  8.6217674648E+013
  1.4612861564E+005  8.6276341624E+013
  1.4618880700E+005  8.6335066108E+013
  1.4624905721E+005  8.6393848146E+013
  1.4630936632E+005  8.6452687784E+013
  1.4636973440E+005  8.6511585069E+013
  1.4643016150E+005  8.6570540037E+013
  1.4649064768E+005  8.6629552733E+013
  1.4655119298E+005  8.6688623201E+013
  1.4661179747E+005  8.6747751487E+013
  1.4667246120E+005  8.6806937635E+013
  1.4673318422E+005  8.6866181692E+013
  1.4679396660E+005  8.6925483702E+013
  1.4685480839E+005  8.6984843711E+013
  1.4691570964E+005  8.7044261763E+013
  1.4697667041E+005  8.7103737903E+013
  1.4703769075E+005  8.7163272177E+013
  1.4709877073E+005  8.7222864630E+013
  1.4715991039E+005  8.7282515307E+013
  1.4722110980E+005  8.7342224252E+013
  1.4728236901E+005  8.7401991511E+013
  1.4734368807E+005  8.7461817128E+013
  1.4740506704E+005  8.7521701149E+013
  1.4746650599E+005  8.7581643619E+013
  1.4752800495E+005  8.7641644582E+013
  1.4758956400E+005  8.7701704084E+013
  1.4765118319E+005  8.7761822169E+013
  1.4771286257E+005  8.7821998881E+013
  1.4777460220E+005  8.7882234267E+013
  1.4783640214E+005  8.7942528370E+013
  1.4789826245E+005  8.8002881236E+013
  1.4796018317E+005  8.8063292909E+013
  1.4802216437E+005  8.8123763434E+013
  1.4808420611E+005  8.8184292927E+013
  1.4814630844E+005  8.8244881607E+013
  1.4820847142E+005  8.8305529536E+013
  1.4827069510E+005  8.8366236767E+013
  1.4833297955E+005  8.8427003355E+013
  1.4839532482E+005  8.8487829354E+013
  1.4845773096E+005  8.8548714817E+013
  1.4852019803E+005  8.8609659789E+013
  1.4858272608E+005  8.8670664324E+013
  1.4864531517E+005  8.8731728476E+013
  1.4870796536E+005  8.8792852300E+013
  1.4877067670E+005  8.8854035851E+013
  1.4883344925E+005  8.8915279182E+013
  1.4889628307E+005  8.8976582348E+013
  1.4895917821E+005  8.9037945405E+013
  1.4902213474E+005  8.9099368406E+013
  1.4908515272E+005  8.9160851406E+013
  1.4914823219E+005  8.9222394459E+013
  1.4921137322E+005  8.9283997622E+013
  1.4927457587E+005  8.9345660948E+013
  1.4933784020E+005  8.9407384493E+013
  1.4940116625E+005  8.9469168310E+013
  1.4946455410E+005  8.9531012456E+013
  1.4952800380E+005  8.9592916985E+013
  1.4959151540E+005  8.9654881953E+013
  1.4965508897E+005  8.9716907414E+013
  1.4971872457E+005  8.9778993423E+013
  1.4978242224E+005  8.9841140036E+013
  1.4984618206E+005  8.9903347308E+013
  1.4991000408E+005  8.9965615294E+013
  1.4997388836E+005  9.0027944050E+013
  1.5003783496E+005  9.0090333631E+013
  1.5010184393E+005  9.0152784092E+013
  1.5016591534E+005  9.0215295489E+013
  1.5023004925E+005  9.0277867877E+013
  1.5029424571E+005  9.0340501312E+013
  1.5035850478E+005  9.0403195850E+013
  1.5042282652E+005  9.0465951546E+013
  1.5048721100E+005  9.0528768455E+013
  1.5055165826E+005  9.0591646635E+013
  1.5061616838E+005  9.0654586139E+013
  1.5068074140E+005  9.0717587025E+013
  1.5074537740E+005  9.0780649348E+013
  1.5081007642E+005  9.0843773163E+013
  1.5087483853E+005  9.0906958528E+013
  1.5093966379E+005  9.0970205498E+013
  1.5100455226E+005  9.1033514128E+013
  1.5106950399E+005  9.1096884476E+013
  1.5113451905E+005  9.1160316597E+013
  1.5119959750E+005  9.1223810547E+013
  1.5126473940E+005  9.1287366383E+013
  1.5132994480E+005  9.1350984161E+013
  1.5139521377E+005  9.1414663937E+013
  1.5146054637E+005  9.1478405768E+013
  1.5152594266E+005  9.1542209710E+013
  1.5159140270E+005  9.1606075819E+013
  1.5165692654E+005  9.1670004152E+013
  1.5172251426E+005  9.1733994765E+013
  1.5178816590E+005  9.1798047715E+013
  1.5185388154E+005  9.1862163059E+013
  1.5191966123E+005  9.1926340852E+013
  1.5198550502E+005  9.1990581152E+013
  1.5205141299E+005  9.2054884016E+013
  1.5211738520E+005  9.2119249499E+013
  1.5218342169E+005  9.2183677659E+013
  1.5224952255E+005  9.2248168553E+013
  1.5231568781E+005  9.2312722236E+013
  1.5238191756E+005  9.2377338766E+013
  1.5244821184E+005  9.2442018200E+013
  1.5251457072E+005  9.2506760595E+013
  1.5258099426E+005  9.2571566006E+013
  1.5264748252E+005  9.2636434492E+013
  1.5271403556E+005  9.2701366109E+013
  1.5278065345E+005  9.2766360914E+013
  1.5284733624E+005  9.2831418964E+013
  1.5291408400E+005  9.2896540316E+013
  1.5298089678E+005  9.2961725027E+013
  1.5304777465E+005  9.3026973154E+013
  1.5311471768E+005  9.3092284755E+013
  1.5318172591E+005  9.3157659886E+013
  1.5324879942E+005  9.3223098605E+013
  1.5331593826E+005  9.3288600970E+013
  1.5338314251E+005  9.3354167036E+013
  1.5345041221E+005  9.3419796862E+013
  1.5351774743E+005  9.3485490505E+013
  1.5358514823E+005  9.3551248022E+013
  1.5365261468E+005  9.3617069471E+013
  1.5372014684E+005  9.3682954910E+013
  1.5378774476E+005  9.3748904394E+013
  1.5385540852E+005  9.3814917984E+013
  1.5392313817E+005  9.3880995735E+013
  1.5399093377E+005  9.3947137705E+013
  1.5405879540E+005  9.4013343953E+013
  1.5412672310E+005  9.4079614535E+013
  1.5419471695E+005  9.4145949510E+013
  1.5426277700E+005  9.4212348935E+013
  1.5433090332E+005  9.4278812867E+013
  1.5439909598E+005  9.4345341366E+013
  1.5446735503E+005  9.4411934488E+013
  1.5453568053E+005  9.4478592291E+013
  1.5460407255E+005  9.4545314834E+013
  1.5467253116E+005  9.4612102174E+013
  1.5474105641E+005  9.4678954369E+013
  1.5480964836E+005  9.4745871466E+013
  1.5487830707E+005  9.4812853522E+013
  1.5494703260E+005  9.4879900595E+013
  1.5501582501E+005  9.4947012744E+013
  1.5508468438E+005  9.5014190027E+013
  1.5515361076E+005  9.5081432501E+013
  1.5522260421E+005  9.5148740225E+013
  1.5529166480E+005  9.5216113257E+013
  1.5536079260E+005  9.5283551655E+013
  1.5542998766E+005  9.5351055478E+013
  1.5549925005E+005  9.5418624784E+013
  1.5556857983E+005  9.5486259631E+013
  1.5563797708E+005  9.5553960078E+013
  1.5570744184E+005  9.5621726182E+013
  1.5577697419E+005  9.5689558003E+013
  1.5584657419E+005  9.5757455599E+013
  1.5591624190E+005  9.5825419028E+013
  1.5598597739E+005  9.5893448348E+013
  1.5605578072E+005  9.5961543620E+013
  1.5612565195E+005  9.6029704900E+013
  1.5619559116E+005  9.6097932248E+013
  1.5626559840E+005  9.6166225724E+013
  1.5633567373E+005  9.6234585408E+013
  1.5640581724E+005  9.6303011368E+013
  1.5647602897E+005  9.6371503663E+013
  1.5654630899E+005  9.6440062355E+013
  1.5661665736E+005  9.6508687504E+013
  1.5668707416E+005  9.6577379172E+013
  1.5675755945E+005  9.6646137419E+013
  1.5682811329E+005  9.6714962307E+013
  1.5689873574E+005  9.6783853897E+013
  1.5696942687E+005  9.6852812250E+013
  1.5704018676E+005  9.6921837427E+013
  1.5711101545E+005  9.6990929489E+013
  1.5718191302E+005  9.7060088499E+013
  1.5725287953E+005  9.7129314520E+013
  1.5732391504E+005  9.7198607742E+013
  1.5739501963E+005  9.7267968292E+013
  1.5746619336E+005  9.7337396225E+013
  1.5753743629E+005  9.7406891595E+013
  1.5760874849E+005  9.7476454458E+013
  1.5768013002E+005  9.7546084868E+013
  1.5775158095E+005  9.7615782881E+013
  1.5782310135E+005  9.7685548551E+013
  1.5789469128E+005  9.7755381934E+013
  1.5796635081E+005  9.7825283084E+013
  1.5803808000E+005  9.7895252056E+013
  1.5810987893E+005  9.7965288906E+013
  1.5818174764E+005  9.8035393689E+013
  1.5825368622E+005  9.8105566459E+013
  1.5832569473E+005  9.8175807271E+013
  1.5839777323E+005  9.8246116181E+013
  1.5846992179E+005  9.8316493244E+013
  1.5854214048E+005  9.8386938514E+013
  1.5861442936E+005  9.8457452046E+013
  1.5868678850E+005  9.8528033896E+013
  1.5875921797E+005  9.8598684119E+013
  1.5883171783E+005  9.8669402769E+013
  1.5890428816E+005  9.8740189901E+013
  1.5897692900E+005  9.8811045571E+013
  1.5904964045E+005  9.8881969833E+013
  1.5912242255E+005  9.8952962743E+013
  1.5919527538E+005  9.9024024355E+013
  1.5926819901E+005  9.9095154725E+013
  1.5934119349E+005  9.9166353907E+013
  1.5941425891E+005  9.9237621956E+013
  1.5948739532E+005  9.9308958927E+013
  1.5956060280E+005  9.9380364876E+013
  1.5963388141E+005  9.9451839857E+013
  1.5970723121E+005  9.9523383925E+013
  1.5978065228E+005  9.9594997136E+013
  1.5985414469E+005  9.9666679543E+013
  1.5992770850E+005  9.9738431203E+013
  1.6000134378E+005  9.9810252169E+013
  1.6007505059E+005  9.9882142497E+013
  1.6014882901E+005  9.9954102242E+013
  1.6022267910E+005  1.0002613146E+014
  1.6029660093E+005  1.0009823020E+014
  1.6037059457E+005  1.0017039853E+014
  1.6044466009E+005  1.0024263649E+014
  1.6051879756E+005  1.0031494414E+014
  1.6059300704E+005  1.0038732154E+014
  1.6066728860E+005  1.0045976874E+014
  1.6074164231E+005  1.0053228579E+014
  1.6081606824E+005  1.0060487275E+014
  1.6089056646E+005  1.0067752969E+014
  1.6096513703E+005  1.0075025664E+014
  1.6103978003E+005  1.0082305366E+014
  1.6111449552E+005  1.0089592082E+014
  1.6118928358E+005  1.0096885816E+014
  1.6126414427E+005  1.0104186574E+014
  1.6133907766E+005  1.0111494361E+014
  1.6141408382E+005  1.0118809183E+014
  1.6148916281E+005  1.0126131046E+014
  1.6156431472E+005  1.0133459954E+014
  1.6163953960E+005  1.0140795914E+014
  1.6171483754E+005  1.0148138930E+014
  1.6179020858E+005  1.0155489009E+014
  1.6186565282E+005  1.0162846155E+014
  1.6194117031E+005  1.0170210374E+014
  1.6201676112E+005  1.0177581672E+014
  1.6209242533E+005  1.0184960055E+014
  1.6216816301E+005  1.0192345526E+014
  1.6224397422E+005  1.0199738093E+014
  1.6231985904E+005  1.0207137760E+014
  1.6239581753E+005  1.0214544533E+014
  1.6247184977E+005  1.0221958418E+014
  1.6254795582E+005  1.0229379419E+014
  1.6262413576E+005  1.0236807543E+014
  1.6270038965E+005  1.0244242793E+014
  1.6277671755E+005  1.0251685175E+014
  1.6285311953E+005  1.0259134695E+014
  1.6292959567E+005  1.0266591357E+014
  1.6300614604E+005  1.0274055167E+014
  1.6308277069E+005  1.0281526131E+014
  1.6315946972E+005  1.0289004254E+014
  1.6323624318E+005  1.0296489542E+014
  1.6331309116E+005  1.0303981999E+014
  1.6339001371E+005  1.0311481632E+014
  1.6346701092E+005  1.0318988445E+014
  1.6354408284E+005  1.0326502445E+014
  1.6362122957E+005  1.0334023636E+014
  1.6369845116E+005  1.0341552025E+014
  1.6377574768E+005  1.0349087616E+014
  1.6385311922E+005  1.0356630416E+014
  1.6393056584E+005  1.0364180429E+014
  1.6400808762E+005  1.0371737661E+014
  1.6408568462E+005  1.0379302117E+014
  1.6416335692E+005  1.0386873803E+014
  1.6424110459E+005  1.0394452725E+014
  1.6431892771E+005  1.0402038887E+014
  1.6439682634E+005  1.0409632296E+014
  1.6447480057E+005  1.0417232957E+014
  1.6455285046E+005  1.0424840875E+014
  1.6463097609E+005  1.0432456055E+014
  1.6470917752E+005  1.0440078504E+014
  1.6478745484E+005  1.0447708226E+014
  1.6486580811E+005  1.0455345228E+014
  1.6494423742E+005  1.0462989513E+014
  1.6502274282E+005  1.0470641089E+014
  1.6510132441E+005  1.0478299960E+014
  1.6517998224E+005  1.0485966131E+014
  1.6525871639E+005  1.0493639609E+014
  1.6533752694E+005  1.0501320398E+014
  1.6541641396E+005  1.0509008505E+014
  1.6549537753E+005  1.0516703933E+014
  1.6557441771E+005  1.0524406689E+014
  1.6565353458E+005  1.0532116779E+014
  1.6573272822E+005  1.0539834206E+014
  1.6581199870E+005  1.0547558978E+014
  1.6589134609E+005  1.0555291098E+014
  1.6597077047E+005  1.0563030574E+014
  1.6605027191E+005  1.0570777409E+014
  1.6612985049E+005  1.0578531609E+014
  1.6620950628E+005  1.0586293180E+014
  1.6628923935E+005  1.0594062127E+014
  1.6636904978E+005  1.0601838456E+014
  1.6644893765E+005  1.0609622171E+014
  1.6652890302E+005  1.0617413278E+014
  1.6660894597E+005  1.0625211782E+014
  1.6668906659E+005  1.0633017688E+014
  1.6676926484E+005  1.0640830993E+014
  1.6684954060E+005  1.0648651684E+014
  1.6692989397E+005  1.0656479765E+014
  1.6701032500E+005  1.0664315242E+014
  1.6709083378E+005  1.0672158119E+014
  1.6717142037E+005  1.0680008403E+014
  1.6725208486E+005  1.0687866098E+014
  1.6733282731E+005  1.0695731209E+014
  1.6741364780E+005  1.0703603742E+014
  1.6749454640E+005  1.0711483701E+014
  1.6757552319E+005  1.0719371092E+014
  1.6765657824E+005  1.0727265931E+014
  1.6773771162E+005  1.0735168296E+014
  1.6781892342E+005  1.0743078203E+014
  1.6790021370E+005  1.0750995658E+014
  1.6798158254E+005  1.0758920667E+014
  1.6806303001E+005  1.0766853235E+014
  1.6814455620E+005  1.0774793367E+014
  1.6822616117E+005  1.0782741069E+014
  1.6830784499E+005  1.0790696348E+014
  1.6838960775E+005  1.0798659216E+014
  1.6847144952E+005  1.0806629678E+014
  1.6855337037E+005  1.0814607740E+014
  1.6863537039E+005  1.0822593405E+014
  1.6871744963E+005  1.0830586681E+014
  1.6879960819E+005  1.0838587570E+014
  1.6888184614E+005  1.0846596079E+014
  1.6896416354E+005  1.0854612212E+014
  1.6904656048E+005  1.0862635975E+014
  1.6912903704E+005  1.0870667373E+014
  1.6921159329E+005  1.0878706410E+014
  1.6929422930E+005  1.0886753091E+014
  1.6937694515E+005  1.0894807421E+014
  1.6945974092E+005  1.0902869406E+014
  1.6954261668E+005  1.0910939051E+014
  1.6962557252E+005  1.0919016359E+014
  1.6970860850E+005  1.0927101337E+014
  1.6979172470E+005  1.0935193989E+014
  1.6987492121E+005  1.0943294320E+014
  1.6995819810E+005  1.0951402335E+014
  1.7004155544E+005  1.0959518039E+014
  1.7012499331E+005  1.0967641436E+014
  1.7020851180E+005  1.0975772533E+014
  1.7029211097E+005  1.0983911333E+014
  1.7037579090E+005  1.0992057841E+014
  1.7045955169E+005  1.1000212063E+014
  1.7054339339E+005  1.1008374003E+014
  1.7062731609E+005  1.1016543667E+014
  1.7071131987E+005  1.1024721058E+014
  1.7079540480E+005  1.1032906182E+014
  1.7087957097E+005  1.1041099044E+014
  1.7096381845E+005  1.1049299648E+014
  1.7104814732E+005  1.1057507999E+014
  1.7113255766E+005  1.1065724102E+014
  1.7121704955E+005  1.1073947961E+014
  1.7130162306E+005  1.1082179583E+014
  1.7138627828E+005  1.1090418970E+014
  1.7147101528E+005  1.1098666127E+014
  1.7155583414E+005  1.1106921061E+014
  1.7164073495E+005  1.1115183775E+014
  1.7172571777E+005  1.1123454273E+014
  1.7181078269E+005  1.1131732561E+014
  1.7189592979E+005  1.1140018644E+014
  1.7198115915E+005  1.1148312524E+014
  1.7206647084E+005  1.1156614208E+014
  1.7215186494E+005  1.1164923700E+014
  1.7223734154E+005  1.1173241005E+014
  1.7232290072E+005  1.1181566126E+014
  1.7240854255E+005  1.1189899069E+014
  1.7249426711E+005  1.1198239838E+014
  1.7258007449E+005  1.1206588437E+014
  1.7266596475E+005  1.1214944872E+014
  1.7275193799E+005  1.1223309145E+014
  1.7280000000E+005  1.1227984946E+014
  1.9451186323E+005  1.3325226487E+014
  2.1617186323E+005  1.5382067610E+014
  2.3773686323E+005  1.7371099760E+014
  2.5930186323E+005  1.9287395969E+014
  2.8096186323E+005  2.1164071442E+014
  3.0252686323E+005  2.2984138474E+014
  3.2418686323E+005  2.4746430441E+014
  3.4575186323E+005  2.6454069797E+014
  3.6731686323E+005  2.8149122832E+014
  3.8897686323E+005  2.9835986729E+014
  4.1054186323E+005  3.1500729347E+014
  4.3210686323E+005  3.3151885952E+014
  4.5376686323E+005  3.4798079730E+014
  4.7533186323E+005  3.6427244337E+014
  4.9689686323E+005  3.8049129870E+014
  5.1855686323E+005  3.9673581283E+014
  5.4012186323E+005  4.1289787043E+014
  5.6178186323E+005  4.2908729175E+014
  5.8334686323E+005  4.4517274362E+014
  6.0491186323E+005  4.6121784381E+014
  6.2657186323E+005  4.7728121270E+014
  6.4813686323E+005  4.9320710113E+014
  6.6970186323E+005  5.0905664272E+014
  6.9136186323E+005  5.2489734889E+014
  7.1292686323E+005  5.4057611414E+014
  7.3458686323E+005  5.5621150232E+014
  7.5615186323E+005  5.7164200467E+014
  7.7771686323E+005  5.8689767173E+014
  7.9937686323E+005  6.0200987608E+014
  8.2094186323E+005  6.1680509937E+014
  8.4250686323E+005  6.3130864111E+014
  8.6416686323E+005  6.4553998866E+014
  8.8573186323E+005  6.5931599012E+014
  9.0729686323E+005  6.7265493163E+014
  9.2895686323E+005  6.8557822695E+014
  9.5052186323E+005  6.9794768770E+014
  9.7218186323E+005  7.0986421680E+014
  9.9374686323E+005  7.2120644083E+014
  1.0153118632E+006  7.3197194003E+014
  1.0369718632E+006  7.4206509695E+014
  1.0585368632E+006  7.5123915383E+014
  1.0801018632E+006  7.5957041455E+014
  1.1017618632E+006  7.6742102428E+014
  1.1233268632E+006  7.7497576632E+014
  1.1449868632E+006  7.8232446092E+014
  1.1665518632E+006  7.8940427767E+014
  1.1881168632E+006  7.9629522859E+014
  1.2097768632E+006  8.0307205526E+014
  1.2313418632E+006  8.0971062519E+014
  1.2529068632E+006  8.1627167713E+014
  1.2745668632E+006  8.2281528103E+014
  1.2961318632E+006  8.2930517800E+014
  1.3176968632E+006  8.3580347437E+014
  1.3393568632E+006  8.4234667362E+014
  1.3609218632E+006  8.4888262993E+014
  1.3825818632E+006  8.5547767507E+014
  1.4041468632E+006  8.6205694281E+014
  1.4257118632E+006  8.6867598939E+014
  1.4473718632E+006  8.7535310502E+014
  1.4689368632E+006  8.8199983193E+014
  1.4905018632E+006  8.8862808921E+014
  1.5121618632E+006  8.9528136484E+014
  1.5337268632E+006  9.0189269197E+014
  1.5553868632E+006  9.0852627165E+014
  1.5769518632E+006  9.1510314109E+014
  1.5985168632E+006  9.2164442654E+014
  1.6201768632E+006  9.2817076652E+014
  1.6417418632E+006  9.3461773786E+014
  1.6633068632E+006  9.4103357663E+014
  1.6849668632E+006  9.4742127604E+014
  1.7065318632E+006  9.5374955218E+014
  1.7280968632E+006  9.6002522612E+014
  1.7497568632E+006  9.6627793715E+014
  1.7713218632E+006  9.7244951481E+014
  1.7929818632E+006  9.7858751708E+014
  1.8145468632E+006  9.8463173071E+014
  1.8361118632E+006  9.9064799025E+014
  1.8577718632E+006  9.9661571759E+014
  1.8793368632E+006  1.0025300982E+015
  1.9009018632E+006  1.0083771694E+015
  1.9225618632E+006  1.0141874860E+015
  1.9441268632E+006  1.0199187470E+015
  1.9657868632E+006  1.0256275973E+015
  1.9873518632E+006  1.0312608246E+015
  2.0089168632E+006  1.0368507514E+015
  2.0305768632E+006  1.0424138716E+015
  2.0521418632E+006  1.0478951239E+015
  2.0737068632E+006  1.0533317895E+015
  2.0953668632E+006  1.0587587960E+015
  2.1169318632E+006  1.0641015984E+015
  2.1384968632E+006  1.0694144200E+015
  2.1601568632E+006  1.0747087383E+015
  2.1817218632E+006  1.0799255662E+015
  2.2033818632E+006  1.0851278445E+015
  2.2249468632E+006  1.0902832885E+015
  2.2465118632E+006  1.0953948834E+015
  2.2681718632E+006  1.1004879231E+015
  2.2897368632E+006  1.1055170806E+015
  2.3113018632E+006  1.1105040360E+015
  2.3329618632E+006  1.1154748160E+015
  2.3545268632E+006  1.1204077775E+015
  2.3761868632E+006  1.1253176960E+015
  2.3977518632E+006  1.1301543904E+015
  2.4193168632E+006  1.1349675446E+015
  2.4409768632E+006  1.1397710000E+015
  2.4625418632E+006  1.1444960759E+015
  2.4841068632E+006  1.1492155488E+015
  2.5057668632E+006  1.1538945042E+015
  2.5273318632E+006  1.1585330157E+015
  2.5488968632E+006  1.1631382220E+015
  2.5705568632E+006  1.1677085987E+015
  2.5921218632E+006  1.1722431838E+015
  2.6137818632E+006  1.1767703530E+015
  2.6353468632E+006  1.1812351444E+015
  2.6569118632E+006  1.1856623347E+015
  2.6785718632E+006  1.1900740446E+015
  2.7001368632E+006  1.1944354592E+015
  2.7217018632E+006  1.1987665971E+015
  2.7433618632E+006  1.2030855541E+015
  2.7649268632E+006  1.2073573682E+015
  2.7865868632E+006  1.2116165205E+015
  2.8081518632E+006  1.2158270037E+015
  2.8297168632E+006  1.2200047496E+015
  2.8513768632E+006  1.2241662651E+015
  2.8729418632E+006  1.2282727401E+015
  2.8945068632E+006  1.2323401245E+015
  2.9161668632E+006  1.2364283024E+015
  2.9377318632E+006  1.2404639051E+015
  2.9592968632E+006  1.2444559744E+015
  2.9809568632E+006  1.2484510678E+015
  3.0025218632E+006  1.2524169953E+015
  3.0241818632E+006  1.2563510979E+015
  3.0457468632E+006  1.2602803186E+015
  3.0673118632E+006  1.2641699195E+015
  3.0889718632E+006  1.2680726448E+015
  3.1105368632E+006  1.2719374825E+015
  3.1321018632E+006  1.2758010126E+015
  3.1537618632E+006  1.2796576503E+015
  3.1753268632E+006  1.2835175708E+015
  3.1969868632E+006  1.2873631809E+015
  3.2185518632E+006  1.2912178281E+015
  3.2401168632E+006  1.2950685686E+015
  3.2617768632E+006  1.2989208031E+015
  3.2833418632E+006  1.3027766622E+015
  3.3049068632E+006  1.3066396292E+015
  3.3265668632E+006  1.3105079770E+015
  3.3481318632E+006  1.3143478725E+015
  3.3696968632E+006  1.3181837452E+015
  3.3913568632E+006  1.3220425916E+015
  3.4129218632E+006  1.3258635774E+015
  3.4345818632E+006  1.3296775328E+015
  3.4560000000E+006  1.3334236946E+015