0.001 39.8559 479547 0.126574 -0.303426 -0.663426 -1.12343 -1.58343 -1.43838 -1.61838 -1.87379
0.00110521 40.3555 462584 -1.17369 -1.60369 -1.96319 -2.42369 -2.88319 -2.79923 -2.97923 -3.23923
0.00122149 40.8075 446222 -2.36119 -2.79119 -3.14546 -3.61119 -4.06546 -4.04427 -4.22427 -4.48427
0.00135 41.2164 430438 -3.44055 -3.86972 -4.22055 -4.68972 -5.14055 -5.17891 -5.35891 -5.61891
0.00149203 41.5865 415213 -4.42825 -4.8522 -5.20825 -5.6722 -6.12825 -6.2188 -6.3988 -6.6588
0.00164901 41.9213 400526 -5.32662 -5.74662 -6.10662 -6.56662 -7.02662 -7.16829 -7.34829 -7.60829
0.0018225 42.2242 386358 -6.14644 -6.56644 -6.92644 -7.38644 -7.84644 -8.04018 -8.22018 -8.48018
0.00201425 42.4983 372692 -6.89466 -7.31466 -7.67466 -8.13466 -8.59316 -8.83814 -9.01814 -9.27814
0.00222617 42.7463 359509 -7.58221 -8.00221 -8.36221 -8.82221 -9.27552 -9.57245 -9.75245 -10.0124
0.00246038 42.9707 346793 -8.21178 -8.63178 -8.99178 -9.45178 -9.90178 -10.2464 -10.4264 -10.6846
0.00271924 43.1737 334526 -8.79193 -9.21193 -9.57193 -10.0319 -10.4819 -10.868 -11.048 -11.301
0.00300533 43.3574 322693 -9.3254 -9.7454 -10.1032 -10.5632 -11.0154 -11.4405 -11.6205 -11.8705
0.00332152 43.5236 311279 -9.81852 -10.2385 -10.5912 -11.0512 -11.5085 -11.9698 -12.1498 -12.3998
0.00367098 43.674 300268 -10.2719 -10.6919 -11.0443 -11.5043 -11.9619 -12.4593 -12.6393 -12.8893
0.0040572 43.8101 289647 -10.6895 -11.1095 -11.4671 -11.9271 -12.3795 -12.913 -13.093 -13.343
0.00448406 43.9332 279402 -11.0804 -11.5004 -11.8576 -12.3176 -12.7676 -13.3345 -13.5145 -13.7645
0.00495583 44.0446 269519 -11.4464 -11.8664 -12.2185 -12.6785 -13.1285 -13.7263 -13.9063 -14.1563
0.00547723 44.1454 259986 -11.7864 -12.2064 -12.5564 -13.0164 -13.4664 -14.0922 -14.2722 -14.519
0.00605348 44.2366 250789 -12.1017 -12.5217 -12.8717 -13.3317 -13.7817 -14.4331 -14.6131 -14.8548
0.00669037 44.319 241918 -12.3993 -12.8193 -13.1693 -13.6293 -14.0793 -14.7532 -14.9298 -15.1732
0.00739426 44.3932 233361 -12.6772 -13.0972 -13.4472 -13.9072 -14.3572 -15.0515 -15.223 -15.4715
0.00817221 44.4594 225107 -12.9401 -13.3601 -13.7101 -14.1701 -14.6163 -15.3277 -15.5015 -15.7477
0.00903201 44.5167 217144 -13.1805 -13.6005 -13.9505 -14.4105 -14.8516 -15.5783 -15.7572 -15.9983
0.00998227 44.5621 209464 -13.393 -13.813 -14.163 -14.623 -15.063 -15.8054 -15.9813 -16.2213
0.0110325 44.5898 202054 -13.559 -13.979 -14.329 -14.789 -15.229 -15.9867 -16.1575 -16.3975
0.0121932 44.5932 194907 -13.6713 -14.0913 -14.4413 -14.9013 -15.3413 -16.1058 -16.2802 -16.5158
0.0134761 44.5719 188013 -13.7199 -14.1399 -14.4899 -14.9499 -15.3899 -16.1594 -16.339 -16.5694
0.0148939 44.5326 181363 -13.731 -14.151 -14.501 -14.9562 -15.3962 -16.1758 -16.351 -16.581
0.0164609 44.4833 174948 -13.7144 -14.1344 -14.4844 -14.9345 -15.3745 -16.1642 -16.3344 -16.5644
0.0181927 44.4292 168759 -13.6893 -14.1093 -14.4593 -14.9093 -15.3493 -16.1393 -16.3093 -16.5393
0.0201068 44.373 162790 -13.6556 -14.0754 -14.4254 -14.8754 -15.3152 -16.1054 -16.2754 -16.5054
0.0222222 44.3158 157032 -13.6281 -14.0426 -14.3926 -14.8426 -15.2772 -16.0726 -16.2426 -16.4726
0.0245602 44.2589 151477 -13.5972 -14.0077 -14.3572 -14.8072 -15.2377 -16.0372 -16.2072 -16.4372
0.0271442 44.201 146119 -13.5624 -13.9781 -14.3224 -14.7724 -15.2081 -16.0024 -16.1724 -16.4024
0.03 44.1432 140951 -13.5258 -13.945 -14.2858 -14.735 -15.175 -15.965 -16.135 -16.3642
0.0331563 44.0854 135965 -13.4962 -13.9101 -14.2562 -14.7001 -15.1401 -15.9301 -16.1001 -16.3241
0.0366447 44.0277 131156 -13.4642 -13.8742 -14.2242 -14.6642 -15.1031 -15.8931 -16.0619 -16.2819
0.0405001 43.9699 126516 -13.4345 -13.8445 -14.1945 -14.6345 -15.0681 -15.8581 -16.0217 -16.2417
0.0447611 43.9123 122041 -13.403 -13.813 -14.1615 -14.6015 -15.0315 -15.82 -15.9815 -16.2
0.0494704 43.8546 117725 -13.3733 -13.7833 -14.1266 -14.5666 -14.9966 -15.7799 -15.9466 -16.1599
0.0546751 43.7971 113560 -13.3424 -13.7524 -14.0924 -14.5324 -14.9606 -15.7387 -15.9087 -16.1187
0.0604275 43.7397 109544 -13.3128 -13.7228 -14.0628 -14.5028 -14.9258 -15.6988 -15.8688 -16.0788
0.0667851 43.6823 105669 -13.2828 -13.6928 -14.0328 -14.4706 -14.8906 -15.6606 -15.8284 -16.0384
0.0738115 43.6252 101931 -13.2536 -13.6636 -14.0036 -14.4363 -14.8563 -15.6263 -15.789 -15.999
0.0815772 43.5682 98325.5 -13.2246 -13.6322 -13.9722 -14.4022 -14.8246 -15.5897 -15.7497 -15.9572
0.0901599 43.5115 94847.6 -13.1963 -13.5987 -13.9387 -14.3687 -14.7963 -15.5511 -15.7111 -15.9134
0.0996457 43.455 91492.6 -13.1689 -13.5689 -13.9089 -14.3389 -14.7633 -15.5133 -15.6705 -15.8705
0.110129 43.399 88256.4 -13.1421 -13.5421 -13.8821 -14.3121 -14.7261 -15.4761 -15.6282 -15.8282
0.121716 43.3434 85134.6 -13.117 -13.517 -13.8539 -14.2839 -14.6939 -15.4376 -15.5907 -15.7876
0.134522 43.2884 82123.2 -13.0925 -13.4925 -13.8242 -14.2542 -14.6642 -15.3976 -15.5559 -15.7476
0.148675 43.234 79218.3 -13.0674 -13.4674 -13.8008 -14.2274 -14.6374 -15.3604 -15.5204 -15.7104
0.164317 43.1806 76416.2 -13.0413 -13.4413 -13.7799 -14.2013 -14.6113 -15.3242 -15.4842 -15.6742
0.181605 43.1282 73713.2 -13.0233 -13.4233 -13.7595 -14.1795 -14.5857 -15.2957 -15.4519 -15.6381
0.200711 43.077 71105.9 -13.0078 -13.4078 -13.7389 -14.1589 -14.56 -15.27 -15.4211 -15.6022
0.221828 43.0273 68590.7 -12.9982 -13.3941 -13.7241 -14.1441 -14.5441 -15.2418 -15.3918 -15.5718
0.245166 42.9793 66164.5 -12.9905 -13.3813 -13.7113 -14.1313 -14.5313 -15.2137 -15.3637 -15.5437
0.27096 42.9333 63824.1 -12.986 -13.3804 -13.706 -14.1216 -14.5216 -15.1971 -15.3427 -15.5182
0.299468 42.8896 61566.6 -12.9836 -13.3831 -13.7036 -14.114 -14.514 -15.1845 -15.325 -15.4954
0.330975 42.8483 59388.8 -12.995 -13.3903 -13.7103 -14.1203 -14.5155 -15.176 -15.316 -15.4812
0.365797 42.8097 57288.1 -13.0104 -13.4005 -13.7205 -14.1305 -14.5207 -15.171 -15.311 -15.4712
0.404282 42.774 55261.7 -13.0313 -13.4213 -13.7413 -14.1462 -14.5311 -15.1761 -15.311 -15.471
0.446817 42.7412 52680.2 -13.0945 -13.4826 -13.8026 -14.2007 -14.5807 -15.2149 -15.3449 -15.503
0.493827 42.7113 49810.2 -13.1953 -13.5754 -13.8954 -14.2855 -14.6655 -15.2759 -15.4059 -15.556
0.545782 42.6843 47096.6 -13.2976 -13.6776 -13.9896 -14.3796 -14.7516 -15.3457 -15.4757 -15.6097
0.603204 42.66 44530.8 -13.4059 -13.7859 -14.0899 -14.4739 -14.8439 -15.4158 -15.5398 -15.6698
0.666666 42.6381 42104.8 -13.52 -13.8959 -14.1959 -14.5759 -14.9378 -15.4897 -15.6097 -15.7316
0.736806 42.6186 39810.9 -13.6391 -14.0071 -14.3071 -14.685 -15.033 -15.5668 -15.6848 -15.7927
0.814326 42.6011 37642 -13.7627 -14.1228 -14.4227 -14.7927 -15.1327 -15.6426 -15.7526 -15.8525
0.9 42.5853 35591.3 -13.8849 -14.2531 -14.5449 -14.9068 -15.2387 -15.7244 -15.8263 -15.9101
0.99469 42.571 33652.3 -14.0166 -14.3804 -14.6643 -15.0181 -15.3419 -15.8034 -15.8972 -15.9711
1.09934 42.558 31819 -14.1485 -14.5043 -14.7843 -15.1301 -15.4459 -15.8791 -15.9691 -16.0307
1.215 42.5461 30085.5 -14.2788 -14.6288 -14.9065 -15.2443 -15.5521 -15.9533 -16.0389 -16.0845
1.34283 42.535 28446.4 -14.4106 -14.7604 -15.0304 -15.3601 -15.6599 -16.029 -16.0988 -16.1287
1.48411 42.5247 26896.7 -14.5462 -14.888 -15.158 -15.4715 -15.7632 -16.092 -16.1537 -16.1755
1.64025 42.5149 25431.4 -14.683 -15.0167 -15.2804 -15.5841 -15.8615 -16.1562 -16.2099 -16.211
1.81283 42.5057 24045.9 -14.8161 -15.1461 -15.4018 -15.6974 -15.9587 -16.217 -16.2583 -16.2396
2.00355 42.4968 22735.9 -14.9483 -15.2736 -15.5212 -15.8089 -16.0542 -16.2701 -16.2978 -16.2607
2.21435 42.4882 21497.2 -15.086 -15.3957 -15.6354 -15.9147 -16.1441 -16.3121 -16.3315 -16.2708
2.44732 42.4798 20326.1 -15.2184 -15.52 -15.7516 -16.0148 -16.228 -16.3477 -16.3509 -16.2741
2.7048 42.4717 19218.7 -15.3447 -15.6447 -15.8683 -16.1089 -16.3125 -16.3838 -16.3644 -16.2651
2.98937 42.4637 18171.7 -15.4738 -15.7649 -15.9804 -16.2014 -16.388 -16.4066 -16.3676 -16.2441
3.30388 42.4558 17181.7 -15.6013 -15.8788 -16.0863 -16.2938 -16.4564 -16.4164 -16.3614 -16.214
3.65148 42.448 16245.7 -15.718 -15.9875 -16.1866 -16.3852 -16.5238 -16.4205 -16.349 -16.1772
4.03566 42.4403 15360.6 -15.8438 -16.1053 -16.2882 -16.4626 -16.5771 -16.4173 -16.3218 -16.1176
4.46025 42.4327 14523.8 -15.9633 -16.2101 -16.3835 -16.5337 -16.624 -16.4012 -16.2748 -16.0451
4.92951 42.4251 13732.5 -16.081 -16.3117 -16.4724 -16.6032 -16.6647 -16.373 -16.2145 -15.9606
5.44814 42.4176 12984.4 -16.1956 -16.413 -16.5551 -16.6672 -16.6993 -16.3329 -16.1423 -15.8618
6.02134 42.4101 12277 -16.304 -16.5127 -16.6321 -16.7196 -16.7271 -16.2809 -16.0578 -15.746
6.65484 42.4026 11608.2 -16.406 -16.5987 -16.71 -16.7653 -16.7406 -16.2139 -15.9506 -15.6146
7.355 42.3951 10975.7 -16.5083 -16.6849 -16.7814 -16.8044 -16.7408 -16.1267 -15.8298 -15.4561
8.12882 42.3877 10377.8 -16.6055 -16.766 -16.8416 -16.8373 -16.7335 -16.0262 -15.6876 -15.2832
8.98404 42.3803 9812.41 -16.6991 -16.8407 -16.8924 -16.8612 -16.7145 -15.9139 -15.5272 -15.0961
9.92926 42.3728 9277.84 -16.7907 -16.9092 -16.9369 -16.8731 -16.6793 -15.7893 -15.3539 -14.8916
10.9739 42.3654 8772.39 -16.8687 -16.9711 -16.9747 -16.8706 -16.6366 -15.6421 -15.1504 -14.664
12.1285 42.358 8294.47 -16.947 -17.0264 -17.0057 -16.8614 -16.5732 -15.4739 -14.9189 -14.4082
13.4045 42.3506 7842.59 -17.02 -17.0753 -17.0256 -16.8411 -16.4967 -15.2878 -14.6685 -14.1338
14.8148 42.3432 7415.33 -17.0868 -17.115 -17.0363 -16.8058 -16.4053 -15.0813 -14.395 -13.8391
16.3735 42.3358 7011.35 -17.1463 -17.1436 -17.039 -16.7544 -16.2962 -14.8534 -14.0933 -13.5224
18.0961 42.3284 6629.37 -17.1921 -17.1652 -17.0205 -16.6958 -16.1652 -14.61 -13.7616 -13.1826
20 42.321 6268.21 -17.2311 -17.1801 -16.995 -16.6089 -16.0127 -14.3375 -13.3933 -12.8203
