0.001 39.3244 485648 1.47351 1.04351 0.683505 0.223505 -0.236495 -0.0696173 -0.249617 -0.503211
0.00110521 39.8795 468470 0.0346793 -0.395321 -0.755321 -1.21532 -1.67532 -1.5699 -1.7499 -2.00861
0.00122149 40.3817 451899 -1.2768 -1.7068 -2.06288 -2.5268 -2.98288 -2.93991 -3.11991 -3.37991
0.00135 40.8361 435915 -2.46901 -2.89901 -3.24998 -3.71901 -4.16998 -4.18833 -4.36833 -4.62833
0.00149203 41.2472 420496 -3.55848 -3.98424 -4.33848 -4.80424 -5.25848 -5.33092 -5.51092 -5.77092
0.00164901 41.6192 405622 -4.54967 -4.97033 -5.32967 -5.79033 -6.24967 -6.37309 -6.55309 -6.81309
0.0018225 41.9558 391274 -5.45386 -5.87386 -6.23386 -6.69386 -7.15386 -7.32954 -7.50954 -7.76954
0.00201425 42.2604 377434 -6.27628 -6.69628 -7.05628 -7.51628 -7.97628 -8.20283 -8.38283 -8.64283
0.00222617 42.536 364084 -7.03291 -7.45291 -7.81291 -8.27291 -8.72802 -9.00693 -9.18693 -9.44693
0.00246038 42.7853 351205 -7.72221 -8.14221 -8.50221 -8.96221 -9.41224 -9.7419 -9.9219 -10.1819
0.00271924 43.0109 338782 -8.35962 -8.77962 -9.13962 -9.59962 -10.0496 -10.4213 -10.6013 -10.8561
0.00300533 43.215 326799 -8.94139 -9.36139 -9.72109 -10.1811 -10.6314 -11.0435 -11.2235 -11.4735
0.00332152 43.3997 315240 -9.48167 -9.90167 -10.2561 -10.7161 -11.1717 -11.6204 -11.8004 -12.0504
0.00367098 43.5668 304089 -9.97586 -10.3959 -10.7465 -11.2065 -11.6659 -12.1503 -12.3303 -12.5803
0.0040572 43.718 293333 -10.4322 -10.8522 -11.2081 -11.6681 -12.1222 -12.6432 -12.8232 -13.0732
0.00448406 43.8548 282957 -10.8528 -11.2728 -11.6318 -12.0918 -12.5418 -13.0976 -13.2776 -13.5276
0.00495583 43.9786 272948 -11.2509 -11.6709 -12.0247 -12.4847 -12.9347 -13.5218 -13.7018 -13.9518
0.00547723 44.0906 263294 -11.6179 -12.0379 -12.3879 -12.8479 -13.2979 -13.9143 -14.0943 -14.343
0.00605348 44.1919 253980 -11.9596 -12.3796 -12.7296 -13.1896 -13.6396 -14.2821 -14.4621 -14.7056
0.00669037 44.2835 244997 -12.2776 -12.6976 -13.0476 -13.5076 -13.9576 -14.624 -14.8024 -15.044
0.00739426 44.3664 236331 -12.5781 -12.9981 -13.3481 -13.8081 -14.2581 -14.9453 -15.1185 -15.3653
0.00817221 44.441 227971 -12.8592 -13.2792 -13.6292 -14.0892 -14.5372 -15.2431 -15.415 -15.6631
0.00903201 44.5077 219907 -13.1242 -13.5442 -13.8942 -14.3542 -14.797 -15.5184 -15.6956 -15.9384
0.00998227 44.5655 212129 -13.3666 -13.7866 -14.1366 -14.5966 -15.0366 -15.7734 -15.9512 -16.1912
0.0110325 44.6117 204625 -13.5802 -14.0002 -14.3502 -14.8102 -15.2502 -16.0025 -16.1751 -16.4151
0.0121932 44.6404 197387 -13.7527 -14.1727 -14.5227 -14.9827 -15.4227 -16.1853 -16.3579 -16.5953
0.0134761 44.6453 190405 -13.8679 -14.2879 -14.6379 -15.0979 -15.5379 -16.3057 -16.4835 -16.7157
0.0148939 44.6251 183670 -13.924 -14.344 -14.694 -15.1511 -15.5911 -16.367 -16.544 -16.774
0.0164609 44.5866 177174 -13.9356 -14.3556 -14.7056 -15.1575 -15.5975 -16.3837 -16.5556 -16.7856
0.0181927 44.5376 170907 -13.9221 -14.3421 -14.6921 -15.1421 -15.5821 -16.3721 -16.5421 -16.7721
0.0201068 44.4837 164861 -13.8951 -14.3151 -14.6651 -15.1151 -15.5551 -16.3451 -16.5151 -16.7451
0.0222222 44.4276 159030 -13.8674 -14.2838 -14.6338 -15.0838 -15.5202 -16.3138 -16.4838 -16.7138
0.0245602 44.3704 153405 -13.8373 -14.2485 -14.5985 -15.0485 -15.4798 -16.2785 -16.4485 -16.6785
0.0271442 44.3135 147978 -13.8055 -14.2194 -14.5655 -15.0155 -15.4494 -16.2455 -16.4155 -16.6455
0.03 44.2557 142744 -13.7682 -14.1872 -14.5282 -14.9782 -15.4172 -16.2082 -16.3782 -16.6082
0.0331563 44.1978 137695 -13.7374 -14.1531 -14.4974 -14.9431 -15.3831 -16.1731 -16.3431 -16.5689
0.0366447 44.14 132824 -13.705 -14.1157 -14.465 -14.9057 -15.3457 -16.1357 -16.3057 -16.5263
0.0405001 44.0823 128126 -13.6755 -14.0855 -14.4355 -14.8755 -15.311 -16.101 -16.2664 -16.4864
0.0447611 44.0245 123594 -13.6431 -14.0531 -14.4031 -14.8431 -15.2735 -16.0635 -16.2238 -16.4438
0.0494704 43.9668 119222 -13.6141 -14.0241 -14.3692 -14.8092 -15.2392 -16.0243 -16.1892 -16.4043
0.0546751 43.9092 115005 -13.5816 -13.9916 -14.3317 -14.7717 -15.2017 -15.9817 -16.1517 -16.3617
0.0604275 43.8516 110937 -13.5532 -13.9632 -14.3032 -14.7432 -15.168 -15.9428 -16.1128 -16.3228
0.0667851 43.7942 107013 -13.5213 -13.9313 -14.2713 -14.711 -15.131 -15.901 -16.0707 -16.2807
0.0738115 43.7368 103228 -13.4932 -13.9032 -14.2432 -14.6776 -15.0976 -15.8676 -16.0321 -16.2421
0.0815772 43.6796 99576.6 -13.4622 -13.8716 -14.2116 -14.6416 -15.0622 -15.831 -15.991 -16.2003
0.0901599 43.6225 96054.4 -13.4346 -13.8387 -14.1787 -14.6087 -15.0346 -15.7929 -15.9529 -16.157
0.0996457 43.5657 92656.7 -13.4049 -13.8049 -14.1449 -14.5749 -15.003 -15.753 -15.912 -16.112
0.110129 43.5092 89379.3 -13.3783 -13.7783 -14.1183 -14.5483 -14.9659 -15.7159 -15.8697 -16.0697
0.121716 43.453 86217.8 -13.3504 -13.7504 -14.0891 -14.5191 -14.9291 -15.6765 -15.8278 -16.0265
0.134522 43.3972 83168.1 -13.3254 -13.7254 -14.0589 -14.4889 -14.8989 -15.6359 -15.7924 -15.9859
0.148675 43.342 80226.3 -13.2986 -13.6986 -14.0302 -14.4586 -14.8686 -15.5953 -15.7553 -15.9453
0.164317 43.2875 77388.5 -13.2712 -13.6712 -14.008 -14.4312 -14.8412 -15.5575 -15.7175 -15.9075
0.181605 43.2337 74651.1 -13.2466 -13.6466 -13.9847 -14.4047 -14.8127 -15.5227 -15.6808 -15.8688
0.200711 43.1809 72010.6 -13.2286 -13.6286 -13.9615 -14.3815 -14.7844 -15.4944 -15.6472 -15.8301
0.221828 43.1293 69463.4 -13.2129 -13.6106 -13.9406 -14.3606 -14.7606 -15.4638 -15.6138 -15.7938
0.245166 43.0791 67006.4 -13.2011 -13.5937 -13.9237 -14.3437 -14.7437 -15.4313 -15.5813 -15.7613
0.27096 43.0305 64636.2 -13.1906 -13.5832 -13.9106 -14.328 -14.728 -15.4054 -15.5528 -15.7302
0.299468 42.9839 62349.9 -13.1823 -13.58 -13.9023 -14.3145 -14.7145 -15.3867 -15.529 -15.7012
0.330975 42.9394 60144.5 -13.1826 -13.5796 -13.8996 -14.3096 -14.7067 -15.3708 -15.5108 -15.6779
0.365797 42.8973 58017 -13.1905 -13.5824 -13.9024 -14.3124 -14.7044 -15.3582 -15.4982 -15.6601
0.404282 42.8579 55964.9 -13.2026 -13.5926 -13.9126 -14.3194 -14.7061 -15.3529 -15.4896 -15.6496
0.446817 42.8212 53985.3 -13.2188 -13.6088 -13.9288 -14.3304 -14.712 -15.3536 -15.4852 -15.6452
0.493827 42.7874 51844.9 -13.2612 -13.6469 -13.9669 -14.3627 -14.7427 -15.37 -15.5 -15.6558
0.545782 42.7566 49020.5 -13.358 -13.738 -14.0557 -14.4457 -14.8235 -15.429 -15.559 -15.7045
0.603204 42.7287 46349.8 -13.4556 -13.8356 -14.1454 -14.5352 -14.9052 -15.4945 -15.6243 -15.7543
0.666666 42.7035 43824.7 -13.5622 -13.9422 -14.2439 -14.6256 -14.9956 -15.5608 -15.6825 -15.8125
0.736806 42.6809 41437.2 -13.6749 -14.0486 -14.3486 -14.7286 -15.0859 -15.6332 -15.7532 -15.8705
0.814326 42.6607 39179.7 -13.793 -14.1586 -14.4586 -14.8342 -15.1799 -15.7067 -15.8224 -15.928
0.9 42.6425 37045.2 -13.9134 -14.2757 -14.5734 -14.941 -15.2786 -15.7815 -15.8891 -15.9843
0.99469 42.6262 35027 -14.0325 -14.4022 -14.6918 -15.0514 -15.3811 -15.86 -15.9596 -16.0393
1.09934 42.6115 33118.8 -14.165 -14.5266 -14.8082 -15.1598 -15.4813 -15.9361 -16.0277 -16.0992
1.215 42.5981 31314.5 -14.2944 -14.6479 -14.9279 -15.2714 -15.5849 -16.009 -16.099 -16.156
1.34283 42.5858 29608.5 -14.4244 -14.7744 -15.0499 -15.3854 -15.6909 -16.0828 -16.1638 -16.2047
1.48411 42.5745 27995.4 -14.5563 -14.9037 -15.1737 -15.4987 -15.7962 -16.1535 -16.221 -16.2485
1.64025 42.564 26470.2 -14.6895 -15.029 -15.2985 -15.608 -15.8969 -16.2149 -16.2744 -16.2929
1.81283 42.554 25028.1 -14.8258 -15.1572 -15.4186 -15.7201 -15.9929 -16.2787 -16.3301 -16.3244
2.00355 42.5446 23664.6 -14.9568 -15.2868 -15.5402 -15.8336 -16.0903 -16.3372 -16.3739 -16.3507
2.21435 42.5356 22375.4 -15.0916 -15.4123 -15.6577 -15.943 -16.1837 -16.3857 -16.411 -16.367
2.44732 42.5269 21156.4 -15.2274 -15.5348 -15.7721 -16.0468 -16.2714 -16.4254 -16.44 -16.3747
2.7048 42.5185 20003.8 -15.3574 -15.6574 -15.8867 -16.1448 -16.3541 -16.4602 -16.4582 -16.3763
2.98937 42.5103 18914 -15.4817 -15.7817 -16.003 -16.2369 -16.4382 -16.496 -16.4699 -16.3638
3.30388 42.5022 17883.6 -15.6136 -15.9 -16.1133 -16.3297 -16.5094 -16.5121 -16.4685 -16.3382
3.65148 42.4943 16909.3 -15.7369 -16.0121 -16.2173 -16.4225 -16.5781 -16.5196 -16.46 -16.3056
4.03566 42.4865 15988.1 -15.8564 -16.1236 -16.318 -16.5095 -16.6411 -16.5214 -16.4429 -16.2616
4.46025 42.4788 15117.1 -15.9801 -16.2385 -16.4177 -16.5853 -16.6929 -16.5164 -16.4132 -16.2008
4.92951 42.4711 14293.5 -16.0976 -16.3399 -16.5111 -16.6546 -16.7381 -16.4973 -16.362 -16.1254
5.44814 42.4636 13514.8 -16.2158 -16.442 -16.5982 -16.7243 -16.7767 -16.4645 -16.2969 -16.0362
6.02134 42.456 12778.5 -16.3287 -16.5437 -16.6789 -16.784 -16.8092 -16.4197 -16.2199 -15.9301
6.65484 42.4485 12082.3 -16.4351 -16.6392 -16.7562 -16.8344 -16.8325 -16.3629 -16.1281 -15.8092
7.355 42.441 11424.1 -16.5362 -16.7243 -16.8324 -16.8786 -16.8439 -16.2934 -16.0196 -15.6749
8.12882 42.4335 10801.7 -16.638 -16.81 -16.9021 -16.9162 -16.8413 -16.2025 -15.8965 -15.5116
8.98404 42.4261 10213.2 -16.7334 -16.8893 -16.9581 -16.947 -16.8317 -16.0971 -15.7448 -15.3337
9.92926 42.4186 9656.83 -16.8274 -16.9621 -17.0068 -16.9664 -16.8059 -15.9799 -15.5793 -15.139
10.9739 42.4112 9130.73 -16.9148 -17.0286 -17.0493 -16.9737 -16.7682 -15.8478 -15.3961 -14.9267
12.1285 42.4038 8633.3 -16.9921 -17.0888 -17.0855 -16.9701 -16.7224 -15.6982 -15.1894 -14.6961
13.4045 42.3964 8162.95 -17.0699 -17.1425 -17.1151 -16.9596 -16.6557 -15.5272 -14.9542 -14.4369
14.8148 42.389 7718.24 -17.141 -17.1894 -17.1307 -16.9347 -16.5744 -15.3337 -14.6962 -14.1547
16.3735 42.3816 7297.76 -17.2058 -17.2248 -17.1391 -16.8925 -16.4758 -15.1173 -14.4102 -13.8498
18.0961 42.3742 6900.18 -17.2609 -17.2512 -17.1349 -16.8387 -16.3594 -14.8839 -14.0981 -13.5249
20 42.3668 6524.26 -17.3051 -17.2714 -17.1152 -16.7753 -16.2253 -14.6367 -13.7618 -13.1831
