0.001 37.7037 501182 5.5701 5.1401 4.7801 4.3201 3.8601 4.08364 3.90267 3.65267
0.00110521 38.4252 483454 3.71502 3.28502 2.92502 2.46502 2.00502 2.16404 1.98404 1.7298
0.00122149 39.0781 466353 2.03186 1.60186 1.24186 0.781859 0.321859 0.419709 0.239709 -0.0196371
0.00135 39.6688 449857 0.498226 0.068226 -0.287202 -0.751774 -1.2072 -1.17206 -1.35206 -1.61206
0.00149203 40.2033 433945 -0.893946 -1.32395 -1.67429 -2.14395 -2.59429 -2.62019 -2.80019 -3.06019
0.00164901 40.6869 418596 -2.16546 -2.59057 -2.94546 -3.41057 -3.86546 -3.94441 -4.12441 -4.38441
0.0018225 41.1245 403789 -3.32029 -3.74032 -4.10029 -4.56032 -5.02029 -5.14999 -5.32999 -5.58999
0.00201425 41.5204 389506 -4.37305 -4.79305 -5.15305 -5.61305 -6.07305 -6.25522 -6.43522 -6.69522
0.00222617 41.8786 375729 -5.32993 -5.74993 -6.10993 -6.56993 -7.02963 -7.26264 -7.44264 -7.70264
0.00246038 42.2027 362438 -6.20833 -6.62833 -6.98833 -7.44833 -7.90279 -8.18818 -8.36818 -8.62818
0.00271924 42.496 349618 -7.00838 -7.42838 -7.78838 -8.24838 -8.69838 -9.03346 -9.21346 -9.47282
0.00300533 42.7614 337252 -7.74493 -8.16493 -8.52493 -8.98493 -9.43493 -9.81181 -9.99181 -10.2459
0.00332152 43.0015 325322 -8.41761 -8.83761 -9.19665 -9.65665 -10.1076 -10.5244 -10.7044 -10.9544
0.00367098 43.2187 313815 -9.03892 -9.45892 -9.81274 -10.2727 -10.7289 -11.1822 -11.3622 -11.6122
0.0040572 43.4153 302715 -9.60707 -10.0271 -10.3784 -10.8384 -11.2971 -11.7862 -11.9662 -12.2162
0.00448406 43.5931 292007 -10.1297 -10.5497 -10.9062 -11.3662 -11.8197 -12.3452 -12.5252 -12.7752
0.00495583 43.754 281678 -10.6122 -11.0322 -11.3906 -11.8506 -12.3006 -12.8603 -13.0403 -13.2903
0.00547723 43.8996 271715 -11.0644 -11.4844 -11.8376 -12.2976 -12.7476 -13.3385 -13.5185 -13.7685
0.00605348 44.0314 262104 -11.4811 -11.9011 -12.2511 -12.7111 -13.1611 -13.7809 -13.9609 -14.209
0.00669037 44.1506 252833 -11.8672 -12.2872 -12.6372 -13.0972 -13.5472 -14.1929 -14.3729 -14.6157
0.00739426 44.2584 243889 -12.2266 -12.6466 -12.9966 -13.4566 -13.9066 -14.5758 -14.7535 -14.9958
0.00817221 44.356 235263 -12.5636 -12.9836 -13.3336 -13.7936 -14.2436 -14.9334 -15.1059 -15.3534
0.00903201 44.4442 226941 -12.8797 -13.2997 -13.6497 -14.1097 -14.5571 -15.2649 -15.4375 -15.6849
0.00998227 44.5239 218914 -13.1769 -13.5969 -13.9469 -14.4069 -14.8491 -15.5724 -15.7502 -15.9924
0.0110325 44.5955 211170 -13.4542 -13.8742 -14.2242 -14.6842 -15.1242 -15.8631 -16.0401 -16.2801
0.0121932 44.659 203701 -13.7107 -14.1307 -14.4807 -14.9407 -15.3807 -16.135 -16.3069 -16.5469
0.0134761 44.713 196495 -13.9472 -14.3672 -14.7172 -15.1772 -15.6172 -16.3805 -16.5538 -16.7905
0.0148939 44.7534 189545 -14.1509 -14.5709 -14.9209 -15.3809 -15.8209 -16.5893 -16.7677 -16.9993
0.0164609 44.7737 182840 -14.3092 -14.7292 -15.0792 -15.5356 -15.9756 -16.7528 -16.9292 -17.1592
0.0181927 44.7688 176373 -14.4045 -14.8245 -15.1745 -15.6258 -16.0658 -16.8532 -17.0245 -17.2545
0.0201068 44.7407 170134 -14.4436 -14.8636 -15.2136 -15.6636 -16.1036 -16.8936 -17.0636 -17.2936
0.0222222 44.6974 164116 -14.4425 -14.8625 -15.2125 -15.6625 -16.1025 -16.8925 -17.0625 -17.2925
0.0245602 44.6461 158311 -14.428 -14.8438 -15.1938 -15.6438 -16.0795 -16.8738 -17.0438 -17.2738
0.0271442 44.5911 152711 -14.4028 -14.8134 -15.1634 -15.6134 -16.0441 -16.8434 -17.0134 -17.2434
0.03 44.5345 147310 -14.3717 -14.7862 -15.1317 -15.5817 -16.0162 -16.8117 -16.9817 -17.2117
0.0331563 44.4772 142099 -14.3352 -14.7549 -15.0952 -15.5452 -15.9849 -16.7752 -16.9452 -17.1752
0.0366447 44.4201 137073 -14.3072 -14.7223 -15.0672 -15.5123 -15.9523 -16.7423 -16.9123 -17.1374
0.0405001 44.3622 132224 -14.2743 -14.6843 -15.0343 -15.4743 -15.9143 -16.7043 -16.8743 -17.0943
0.0447611 44.3044 127547 -14.2451 -14.6551 -15.0051 -15.4451 -15.8799 -16.6699 -16.8347 -17.0547
0.0494704 44.2466 123036 -14.2125 -14.6225 -14.9722 -15.4122 -15.8422 -16.6319 -16.7922 -17.0119
0.0546751 44.1888 118684 -14.1832 -14.5932 -14.9377 -15.3777 -15.8077 -16.5922 -16.7577 -16.9722
0.0604275 44.131 114486 -14.1509 -14.5609 -14.9009 -15.3409 -15.7703 -16.5497 -16.7197 -16.9297
0.0667851 44.0733 110436 -14.1216 -14.5316 -14.8716 -15.3116 -15.7358 -16.5099 -16.6799 -16.8899
0.0738115 44.0157 106530 -14.0898 -14.4998 -14.8398 -15.2789 -15.6989 -16.4689 -16.6379 -16.8479
0.0815772 43.9581 102761 -14.0606 -14.4706 -14.8106 -15.2444 -15.6644 -16.4344 -16.5982 -16.8082
0.0901599 43.9006 99126.6 -14.0294 -14.4381 -14.7781 -15.2081 -15.6294 -16.3968 -16.5568 -16.7655
0.0996457 43.8432 95620.3 -14.0004 -14.4039 -14.7439 -15.1739 -15.6004 -16.3574 -16.5174 -16.7209
0.110129 43.7859 92238.1 -13.97 -14.37 -14.71 -15.14 -15.5668 -16.3168 -16.4752 -16.6752
0.121716 43.7288 88975.4 -13.9415 -14.3415 -14.6815 -15.1115 -15.5279 -16.2779 -16.431 -16.631
0.134522 43.6719 85828.2 -13.9123 -14.3123 -14.6504 -15.0804 -15.4904 -16.2365 -16.3884 -16.5865
0.148675 43.6153 82792.3 -13.8847 -14.2847 -14.6176 -15.0476 -15.4576 -16.1933 -16.3504 -16.5433
0.164317 43.559 79863.7 -13.855 -14.255 -14.5873 -15.015 -15.425 -16.1504 -16.3104 -16.5004
0.181605 43.5031 77038.8 -13.8238 -14.2238 -14.5612 -14.9838 -15.3938 -16.1089 -16.2689 -16.4589
0.200711 43.4477 74313.8 -13.7963 -14.1963 -14.5337 -14.9537 -15.3611 -16.0711 -16.2285 -16.4158
0.221828 43.393 71685.2 -13.7728 -14.1728 -14.505 -14.925 -15.3273 -16.0373 -16.1895 -16.3717
0.245166 43.339 69149.5 -13.7516 -14.1486 -14.4786 -14.8986 -15.2986 -15.9998 -16.1498 -16.3298
0.27096 43.2859 66703.6 -13.732 -14.1239 -14.4539 -14.8739 -15.2739 -15.9597 -16.1097 -16.2897
0.299468 43.2339 64344.1 -13.7128 -14.1061 -14.4328 -14.8496 -15.2496 -15.9263 -16.073 -16.2498
0.330975 43.1833 62068.2 -13.694 -14.0924 -14.414 -14.8256 -15.2256 -15.8972 -16.0388 -16.2104
0.365797 43.1342 59872.7 -13.684 -14.0804 -14.4004 -14.8104 -15.2068 -15.8696 -16.0096 -16.176
0.404282 43.087 57754.9 -13.6786 -14.0699 -14.3899 -14.7999 -15.1911 -15.8437 -15.9837 -16.145
0.446817 43.0418 55712 -13.6763 -14.0663 -14.3863 -14.7923 -15.1784 -15.8245 -15.9606 -16.1206
0.493827 42.999 53741.3 -13.6765 -14.0665 -14.3865 -14.7875 -15.1685 -15.8094 -15.9404 -16.1004
0.545782 42.9587 51840.4 -13.6897 -14.0754 -14.3954 -14.7912 -15.1712 -15.7985 -15.9285 -16.0842
0.603204 42.9213 50006.7 -13.7081 -14.0888 -14.4088 -14.7994 -15.1794 -15.7914 -15.9214 -16.0721
0.666666 42.8866 48237.9 -13.732 -14.112 -14.4274 -14.8174 -15.1929 -15.7937 -15.9237 -16.0646
0.736806 42.855 45781.3 -13.8095 -14.1895 -14.4974 -14.8854 -15.2554 -15.8393 -15.9673 -16.0973
0.814326 42.8262 43287.2 -13.905 -14.285 -14.585 -14.965 -15.335 -15.895 -16.015 -16.1449
0.9 42.8002 40928.9 -14.0098 -14.3817 -14.6817 -15.0617 -15.4155 -15.9594 -16.0794 -16.1932
0.99469 42.7769 38699.2 -14.1207 -14.4845 -14.7845 -15.1584 -15.5022 -16.0238 -16.1377 -16.2415
1.09934 42.756 36590.8 -14.2328 -14.597 -14.8928 -15.2587 -15.5945 -16.092 -16.1978 -16.2895
1.215 42.7372 34597.4 -14.3482 -14.7161 -15.0039 -15.3617 -15.6895 -16.163 -16.2608 -16.3387
1.34283 42.7204 32712.5 -14.4735 -14.8334 -15.1134 -15.4632 -15.7831 -16.2325 -16.3225 -16.3922
1.48411 42.7053 30930.4 -14.5971 -14.9489 -15.2289 -15.5707 -15.8824 -16.2995 -16.3895 -16.4431
1.64025 42.6915 29245.3 -14.7239 -15.0739 -15.3476 -15.6813 -15.9851 -16.3699 -16.4474 -16.4848
1.81283 42.6789 27652 -14.8531 -15.1988 -15.4688 -15.7902 -16.0859 -16.4343 -16.5 -16.5257
2.00355 42.6674 26145.6 -14.9843 -15.322 -15.5896 -15.8973 -16.1827 -16.4934 -16.5511 -16.5641
2.21435 42.6566 24721.2 -15.1166 -15.4466 -15.7063 -16.006 -16.2754 -16.5539 -16.6033 -16.5927
2.44732 42.6465 23374.4 -15.2446 -15.5746 -15.8263 -16.1179 -16.3712 -16.6093 -16.6426 -16.6159
2.7048 42.6369 22100.9 -15.3803 -15.6974 -15.941 -16.2246 -16.4617 -16.6532 -16.6768 -16.6275
2.98937 42.6278 20896.9 -15.5137 -15.8192 -16.0548 -16.3258 -16.5469 -16.6902 -16.7013 -16.6323
3.30388 42.619 19758.4 -15.6414 -15.9414 -16.1689 -16.4215 -16.6291 -16.7243 -16.7169 -16.6295
3.65148 42.6105 18682 -15.7642 -16.0634 -16.2829 -16.512 -16.7107 -16.7576 -16.7267 -16.6153
4.03566 42.6023 17664.2 -15.8967 -16.1797 -16.3912 -16.6042 -16.7787 -16.7691 -16.7221 -16.5866
4.46025 42.5942 16701.9 -16.0165 -16.29 -16.4934 -16.6968 -16.8471 -16.7746 -16.7115 -16.5518
4.92951 42.5862 15792 -16.1379 -16.4033 -16.5941 -16.7803 -16.9065 -16.7742 -16.6904 -16.502
5.44814 42.5784 14931.6 -16.2599 -16.5146 -16.692 -16.8542 -16.9564 -16.7655 -16.655 -16.4372
6.02134 42.5707 14118.2 -16.3762 -16.615 -16.7838 -16.9226 -17.0003 -16.7449 -16.6026 -16.3608
6.65484 42.563 13349 -16.4939 -16.7166 -16.8693 -16.992 -17.0375 -16.7097 -16.5351 -16.2692
7.355 42.5554 12621.8 -16.6053 -16.8186 -16.9485 -17.0483 -17.0682 -16.6611 -16.4543 -16.1575
8.12882 42.5478 11934.1 -16.7102 -16.9107 -17.026 -17.097 -17.088 -16.6006 -16.3568 -16.0326
8.98404 42.5403 11284 -16.8116 -16.9961 -17.1006 -17.1395 -17.0958 -16.5254 -16.2444 -15.8906
9.92926 42.5328 10669.2 -16.9119 -17.0804 -17.1682 -17.1759 -17.0922 -16.4334 -16.1189 -15.7267
10.9739 42.5253 10088 -17.0058 -17.1582 -17.2219 -17.2055 -17.0816 -16.3262 -15.9635 -15.5472
12.1285 42.5179 9538.39 -17.1001 -17.2295 -17.269 -17.2216 -17.0505 -16.2051 -15.7941 -15.3467
13.4045 42.5104 9018.74 -17.1842 -17.2945 -17.3098 -17.2254 -17.0109 -16.0674 -15.6031 -15.1285
14.8148 42.503 8527.4 -17.2618 -17.3531 -17.3444 -17.2199 -16.9596 -15.9119 -15.3887 -14.89
16.3735 42.4956 8062.84 -17.3382 -17.4055 -17.372 -17.2076 -16.8914 -15.739 -15.1519 -14.6292
18.0961 42.4882 7623.58 -17.4081 -17.4513 -17.3856 -17.181 -16.8086 -15.5437 -14.8923 -14.3455
20 42.4808 7208.25 -17.4713 -17.4833 -17.3924 -17.1334 -16.7045 -15.3197 -14.5967 -14.0328
