0.001 37.1569 505659 6.94828 6.51828 6.15828 5.69828 5.23828 5.47925 5.29704 5.04704
0.00105469 37.5802 496058 5.86522 5.43522 5.07522 4.61522 4.15522 4.35934 4.17934 3.92885
0.00111238 37.9815 486639 4.83377 4.40377 4.04377 3.58377 3.12377 3.29419 3.11419 2.86089
0.00117322 38.3621 477399 3.85488 3.42488 3.06488 2.60488 2.14488 2.28225 2.10225 1.84619
0.00123738 38.7229 468334 2.92585 2.49585 2.13585 1.67585 1.21585 1.32079 1.14079 0.882032
0.00130506 39.065 459442 2.04158 1.61158 1.25309 0.791583 0.33309 0.404996 0.224996 -0.0350038
0.00137643 39.3893 450719 1.20002 0.770025 0.414321 -0.0499753 -0.505679 -0.467236 -0.647236 -0.907236
0.00145172 39.6968 442161 0.401098 -0.028902 -0.38187 -0.848902 -1.30187 -1.29626 -1.47626 -1.73626
0.00153111 39.9884 433765 -0.357389 -0.787389 -1.13767 -1.60739 -2.05767 -2.08426 -2.26426 -2.52426
0.00161485 40.2649 425529 -1.0819 -1.50938 -1.8619 -2.32938 -2.7819 -2.83708 -3.01708 -3.27708
0.00170318 40.527 417450 -1.77045 -2.19516 -2.55045 -3.01516 -3.47045 -3.55333 -3.73333 -3.99333
0.00179633 40.7756 409523 -2.42439 -2.84639 -3.20439 -3.66639 -4.12439 -4.23444 -4.41444 -4.67444
0.00189457 41.0112 401748 -3.04608 -3.46608 -3.82608 -4.28608 -4.74608 -4.88326 -5.06326 -5.32326
0.00199819 41.2346 394120 -3.63829 -4.05829 -4.41829 -4.87829 -5.33829 -5.50351 -5.68351 -5.94351
0.00210748 41.4465 386636 -4.2009 -4.6209 -4.9809 -5.4409 -5.9009 -6.09362 -6.27362 -6.53362
0.00222274 41.6473 379295 -4.73542 -5.15542 -5.51542 -5.97542 -6.43542 -6.65512 -6.83512 -7.09512
0.00234431 41.8378 372093 -5.24642 -5.66642 -6.02642 -6.48642 -6.94468 -7.19202 -7.37202 -7.63202
0.00247253 42.0183 365028 -5.73402 -6.15402 -6.51402 -6.97402 -7.42951 -7.70469 -7.88469 -8.14469
0.00260775 42.1895 358098 -6.19754 -6.61754 -6.97754 -7.43754 -7.89029 -8.19279 -8.37279 -8.63279
0.00275038 42.3519 351298 -6.63818 -7.05818 -7.41818 -7.87818 -8.32825 -8.65754 -8.83754 -9.09754
0.00290081 42.5058 344628 -7.06226 -7.48226 -7.84226 -8.30226 -8.75226 -9.10421 -9.28421 -9.54147
0.00305946 42.6517 338085 -7.46579 -7.88579 -8.24579 -8.70579 -9.15579 -9.52985 -9.70985 -9.96435
0.00322679 42.79 331665 -7.84966 -8.26966 -8.62966 -9.08966 -9.53966 -9.93543 -10.1154 -10.3672
0.00340327 42.9212 325368 -8.21671 -8.63671 -8.99577 -9.45577 -9.90671 -10.3233 -10.5033 -10.7533
0.0035894 43.0456 319190 -8.56965 -8.98965 -9.34591 -9.80591 -10.2597 -10.6959 -10.8759 -11.1259
0.00378572 43.1635 313130 -8.90567 -9.32567 -9.67918 -10.1392 -10.5957 -11.0511 -11.2311 -11.4811
0.00399277 43.2754 307184 -9.22562 -9.64562 -9.99643 -10.4564 -10.9156 -11.3899 -11.5699 -11.8199
0.00421114 43.3814 301351 -9.53228 -9.95228 -10.3042 -10.7642 -11.2223 -11.716 -11.896 -12.146
0.00444146 43.4819 295630 -9.82528 -10.2453 -10.6 -11.06 -11.5153 -12.0285 -12.2085 -12.4585
0.00468438 43.5772 290016 -10.1045 -10.5245 -10.8819 -11.3419 -11.7945 -12.3267 -12.5067 -12.7567
0.00494058 43.6676 284510 -10.371 -10.791 -11.1508 -11.6108 -12.0608 -12.6117 -12.7917 -13.0417
0.00521079 43.7532 279108 -10.633 -11.053 -11.41 -11.87 -12.32 -12.8878 -13.0678 -13.3178
0.00549579 43.8345 273808 -10.883 -11.303 -11.6573 -12.1173 -12.5673 -13.1517 -13.3317 -13.5817
0.00579636 43.9115 268609 -11.1216 -11.5416 -11.8932 -12.3532 -12.8032 -13.4038 -13.5838 -13.8338
0.00611338 43.9845 263509 -11.3507 -11.7707 -12.1207 -12.5807 -13.0307 -13.6466 -13.8266 -14.0754
0.00644774 44.0538 258506 -11.5713 -11.9913 -12.3413 -12.8013 -13.2513 -13.8812 -14.0612 -14.3072
0.00680038 44.1194 253598 -11.7821 -12.2021 -12.5521 -13.0121 -13.4621 -14.1056 -14.2856 -14.5289
0.00717232 44.1817 248783 -11.9834 -12.4034 -12.7534 -13.2134 -13.6634 -14.3204 -14.5004 -14.741
0.00756459 44.2407 244059 -12.1805 -12.6005 -12.9505 -13.4105 -13.8605 -14.5292 -14.7071 -14.9492
0.00797832 44.2966 239425 -12.3703 -12.7903 -13.1403 -13.6003 -14.0503 -14.7302 -14.9052 -15.1502
0.00841467 44.3497 234879 -12.552 -12.972 -13.322 -13.782 -14.232 -14.9227 -15.095 -15.3427
0.00887489 44.4 230419 -12.7267 -13.1467 -13.4967 -13.9567 -14.4063 -15.1074 -15.2778 -15.5274
0.00936028 44.4477 226044 -12.8992 -13.3192 -13.6692 -14.1292 -14.576 -15.2856 -15.4588 -15.7056
0.00987222 44.4928 221752 -13.0645 -13.4845 -13.8345 -14.2945 -14.7386 -15.4564 -15.6324 -15.8764
0.0104122 44.5356 217542 -13.2229 -13.6429 -13.9929 -14.4529 -14.8942 -15.6202 -15.7988 -16.0402
0.0109816 44.5761 213411 -13.3763 -13.7963 -14.1463 -14.6063 -15.0463 -15.7805 -15.9591 -16.1991
0.0115822 44.6143 209359 -13.5249 -13.9449 -14.2949 -14.7549 -15.1949 -15.9374 -16.1133 -16.3533
0.0122157 44.6503 205384 -13.6668 -14.0868 -14.4368 -14.8968 -15.3368 -16.0876 -16.2607 -16.5007
0.0128838 44.6839 201484 -13.8019 -14.2219 -14.5719 -15.0319 -15.4719 -16.2307 -16.4011 -16.6411
0.0135885 44.715 197659 -13.9351 -14.3551 -14.7051 -15.1651 -15.6051 -16.3675 -16.5399 -16.7775
0.0143317 44.7431 193906 -14.0608 -14.4808 -14.8308 -15.2908 -15.7308 -16.496 -16.6712 -16.906
0.0151155 44.7676 190224 -14.1765 -14.5965 -14.9465 -15.4065 -15.8465 -16.6144 -16.7923 -17.0244
0.0159422 44.7877 186612 -14.2814 -14.7014 -15.0514 -15.5108 -15.9508 -16.722 -16.9014 -17.1314
0.0168141 44.8022 183069 -14.3766 -14.7966 -15.1466 -15.6031 -16.0431 -16.82 -16.9966 -17.2266
0.0177337 44.81 179593 -14.454 -14.874 -15.224 -15.6778 -16.1178 -16.9002 -17.074 -17.304
0.0187036 44.8106 176183 -14.5121 -14.9321 -15.2821 -15.7332 -16.1732 -16.9609 -17.1321 -17.3621
0.0197266 44.8038 172838 -14.5531 -14.9731 -15.3231 -15.7731 -16.2131 -17.0031 -17.1731 -17.4031
0.0208055 44.7905 169556 -14.5784 -14.9984 -15.3484 -15.7984 -16.2384 -17.0284 -17.1984 -17.4284
0.0219434 44.7719 166337 -14.5893 -15.0093 -15.3593 -15.8093 -16.2493 -17.0393 -17.2093 -17.4393
0.0231435 44.7493 163178 -14.5891 -15.0091 -15.3591 -15.8091 -16.2491 -17.0391 -17.2091 -17.4391
0.0244093 44.724 160080 -14.5873 -15.0047 -15.3547 -15.8047 -16.242 -17.0347 -17.2047 -17.4347
0.0257443 44.6967 157041 -14.58 -14.9946 -15.3446 -15.7946 -16.2292 -17.0246 -17.1946 -17.4246
0.0271524 44.6682 154059 -14.5685 -14.9803 -15.3303 -15.7803 -16.2122 -17.0103 -17.1803 -17.4103
0.0286374 44.6388 151134 -14.5541 -14.965 -15.3141 -15.7641 -16.195 -16.9941 -17.1641 -17.3941
0.0302037 44.609 148264 -14.5383 -14.952 -15.2983 -15.7483 -16.182 -16.9783 -17.1483 -17.3783
0.0318556 44.5788 145449 -14.5206 -14.937 -15.2806 -15.7306 -16.167 -16.9606 -17.1306 -17.3606
0.0335978 44.5484 142687 -14.5012 -14.9203 -15.2612 -15.7112 -16.1503 -16.9412 -17.1112 -17.3412
0.0354354 44.5178 139978 -14.4848 -14.903 -15.2448 -15.693 -16.133 -16.923 -17.093 -17.3211
0.0373734 44.4872 137320 -14.4694 -14.8848 -15.2294 -15.6748 -16.1148 -16.9048 -17.0748 -17.3001
0.0394175 44.457 134713 -14.4539 -14.8666 -15.2139 -15.6566 -16.0966 -16.8866 -17.0566 -17.2792
0.0415734 44.4262 132155 -14.4359 -14.8459 -15.1959 -15.6359 -16.0759 -16.8659 -17.0358 -17.2558
0.0438471 44.3954 129646 -14.4209 -14.8309 -15.1809 -15.6209 -16.058 -16.848 -17.0152 -17.2352
0.0462452 44.3646 127184 -14.4047 -14.8147 -15.1647 -15.6047 -16.0391 -16.8291 -16.9934 -17.2134
0.0487745 44.3338 124769 -14.3874 -14.7974 -15.1474 -15.5874 -16.019 -16.809 -16.9707 -17.1907
0.0514421 44.3031 122400 -14.3705 -14.7805 -15.1294 -15.5694 -15.9994 -16.7884 -16.9494 -17.1684
0.0542556 44.2723 120076 -14.3551 -14.7651 -15.1113 -15.5513 -15.9813 -16.7674 -16.9313 -17.1474
0.057223 44.2415 117796 -14.3386 -14.7486 -15.092 -15.532 -15.962 -16.7454 -16.912 -17.1254
0.0603527 44.2108 115560 -14.3209 -14.7309 -15.0716 -15.5116 -15.9416 -16.7223 -16.8916 -17.1023
0.0636535 44.18 113366 -14.3052 -14.7152 -15.0552 -15.4952 -15.9231 -16.7011 -16.8711 -17.0811
0.0671349 44.1493 111213 -14.2895 -14.6995 -15.0395 -15.4795 -15.9046 -16.6798 -16.8498 -17.0598
0.0708067 44.1186 109101 -14.2727 -14.6827 -15.0227 -15.4627 -15.8851 -16.6575 -16.8275 -17.0375
0.0746793 44.0879 107030 -14.2551 -14.6651 -15.0051 -15.4448 -15.8648 -16.6348 -16.8046 -17.0146
0.0787637 44.0572 104998 -14.2402 -14.6502 -14.9902 -15.4272 -15.8472 -16.6172 -16.7841 -16.9941
0.0830715 44.0265 103004 -14.2242 -14.6342 -14.9742 -15.4084 -15.8284 -16.5984 -16.7626 -16.9726
0.0876149 43.9958 101048 -14.2071 -14.6171 -14.9571 -15.3886 -15.8086 -16.5786 -16.7401 -16.9501
0.0924068 43.9652 99129.7 -14.1909 -14.5996 -14.9396 -15.3696 -15.7909 -16.5583 -16.7183 -16.927
0.0974608 43.9346 97247.5 -14.1758 -14.5817 -14.9217 -15.3517 -15.7758 -16.5377 -16.6977 -16.9036
0.102791 43.904 95401.1 -14.1597 -14.5628 -14.9028 -15.3328 -15.7597 -16.516 -16.676 -16.8792
0.108413 43.8735 93589.7 -14.1424 -14.5429 -14.8829 -15.3129 -15.7424 -16.4934 -16.6534 -16.8539
0.114343 43.843 91812.7 -14.1276 -14.5276 -14.8676 -15.2976 -15.723 -16.473 -16.6307 -16.8307
0.120596 43.8125 90069.4 -14.1124 -14.5124 -14.8524 -15.2824 -15.7023 -16.4523 -16.6072 -16.8072
0.127192 43.7821 88359.2 -14.0963 -14.4963 -14.8363 -15.2663 -15.6807 -16.4307 -16.5829 -16.7829
0.134148 43.7517 86681.5 -14.0798 -14.4798 -14.8193 -15.2493 -15.6593 -16.4083 -16.5588 -16.7583
0.141485 43.7214 85035.7 -14.0658 -14.4658 -14.8025 -15.2325 -15.6425 -16.3859 -16.5392 -16.7359
0.149224 43.6912 83421.1 -14.0508 -14.4508 -14.7848 -15.2148 -15.6248 -16.3626 -16.5187 -16.7126
0.157385 43.661 81837.2 -14.0349 -14.4349 -14.7661 -15.1961 -15.6061 -16.3386 -16.4973 -16.6886
0.165993 43.631 80283.3 -14.0187 -14.4187 -14.7502 -15.1787 -15.5887 -16.3157 -16.4757 -16.6657
0.175071 43.601 78759 -14.0023 -14.4023 -14.7366 -15.1623 -15.5723 -16.2937 -16.4537 -16.6437
0.184647 43.5711 77263.5 -13.9851 -14.3851 -14.7221 -15.1451 -15.5551 -16.271 -16.431 -16.621
0.194745 43.5413 75796.5 -13.9671 -14.3671 -14.7068 -15.1271 -15.5371 -16.2476 -16.4076 -16.5976
0.205396 43.5117 74357.3 -13.9544 -14.3544 -14.6919 -15.1119 -15.5193 -16.2293 -16.3868 -16.5743
0.21663 43.4823 72945.5 -13.9417 -14.3417 -14.6764 -15.0964 -15.5011 -16.2111 -16.3658 -16.5505
0.228478 43.453 71560.5 -13.9282 -14.3282 -14.6602 -15.0802 -15.4822 -16.1922 -16.3441 -16.5261
0.240974 43.4239 70201.7 -13.9151 -14.3144 -14.6444 -15.0644 -15.4644 -16.1722 -16.3222 -16.5022
0.254154 43.395 68868.8 -13.9046 -14.301 -14.631 -15.051 -15.451 -16.1504 -16.3004 -16.4804
0.268054 43.3663 67561.2 -13.8934 -14.2871 -14.6171 -15.0371 -15.4371 -16.1283 -16.2783 -16.4583
0.282715 43.3379 66278.4 -13.8817 -14.2728 -14.6028 -15.0228 -15.4228 -16.1058 -16.2558 -16.4358
0.298177 43.3098 65019.9 -13.8705 -14.2623 -14.5905 -15.0088 -15.4088 -16.087 -16.2353 -16.4136
0.314485 43.282 63785.4 -13.8595 -14.254 -14.5795 -14.995 -15.395 -16.0704 -16.2159 -16.3914
0.331685 43.2545 62574.3 -13.8482 -14.2455 -14.5682 -14.981 -15.381 -16.0537 -16.1964 -16.3692
0.349826 43.2275 61386.2 -13.8368 -14.2368 -14.5568 -14.9669 -15.3669 -16.0369 -16.177 -16.3471
0.368959 43.2008 60220.6 -13.8321 -14.2293 -14.5493 -14.9593 -15.3565 -16.021 -16.161 -16.3283
0.389138 43.1746 59077.2 -13.8274 -14.2219 -14.5419 -14.9519 -15.3464 -16.0053 -16.1453 -16.3098
0.410421 43.1489 57955.5 -13.8228 -14.2146 -14.5346 -14.9446 -15.3364 -15.9899 -16.1299 -16.2917
0.432868 43.1238 56855.1 -13.8189 -14.2089 -14.5289 -14.938 -15.327 -15.976 -16.1151 -16.2751
0.456543 43.0992 55775.5 -13.8162 -14.2062 -14.5262 -14.9325 -15.3187 -15.9649 -16.1012 -16.2612
0.481513 43.0752 54716.5 -13.8139 -14.2039 -14.5239 -14.9274 -15.3109 -15.9544 -16.0879 -16.2479
0.507848 43.0519 53677.6 -13.8122 -14.2022 -14.5222 -14.923 -15.3038 -15.9446 -16.0754 -16.2354
0.535624 43.0292 52658.4 -13.8158 -14.2039 -14.5239 -14.9219 -15.3019 -15.936 -16.066 -16.224
0.564918 43.0073 51658.6 -13.8222 -14.2074 -14.5274 -14.9227 -15.3027 -15.9284 -16.0584 -16.2137
0.595815 42.9861 50677.7 -13.8293 -14.2118 -14.5318 -14.9243 -15.3043 -15.9219 -16.0519 -16.2044
0.628402 42.9657 49715.5 -13.8372 -14.2172 -14.5371 -14.9271 -15.3069 -15.9166 -16.0466 -16.1963
0.662771 42.9462 48771.5 -13.8474 -14.2274 -14.5444 -14.9344 -15.3114 -15.9155 -16.0455 -16.1895
0.69902 42.9274 47845.5 -13.8584 -14.2384 -14.5527 -14.9427 -15.3169 -15.9155 -16.0455 -16.184
0.737251 42.9094 46937.1 -13.8704 -14.2504 -14.562 -14.952 -15.3236 -15.9167 -16.0467 -16.1798
0.777573 42.8923 45690.1 -13.909 -14.289 -14.5967 -14.9844 -15.3544 -15.9374 -16.0651 -16.1951
0.820101 42.8761 44347.7 -13.9584 -14.3384 -14.6418 -15.0252 -15.3952 -15.9654 -16.0888 -16.2188
0.864954 42.8606 43044.8 -14.0084 -14.3876 -14.6876 -15.0676 -15.4359 -15.9943 -16.1143 -16.2426
0.912261 42.846 41780.2 -14.0628 -14.4377 -14.7377 -15.1177 -15.4773 -16.027 -16.147 -16.2667
0.962155 42.8321 40552.7 -14.1165 -14.4872 -14.7872 -15.1672 -15.5184 -16.0597 -16.1797 -16.2909
1.01478 42.819 39361.3 -14.1748 -14.5411 -14.8411 -15.2174 -15.5637 -16.0926 -16.2088 -16.3151
1.07028 42.8066 38204.9 -14.2331 -14.5952 -14.8952 -15.2672 -15.6093 -16.1254 -16.2374 -16.3395
1.12882 42.795 37082.4 -14.2915 -14.6538 -14.9515 -15.3193 -15.6571 -16.1604 -16.2681 -16.3637
1.19055 42.784 35993 -14.3499 -14.7164 -15.0099 -15.3734 -15.7068 -16.1973 -16.3007 -16.3877
1.25567 42.7736 34935.5 -14.409 -14.7783 -15.0676 -15.4268 -15.7561 -16.2338 -16.3331 -16.4123
1.32434 42.7638 33909.1 -14.4757 -14.8406 -15.1255 -15.4804 -15.8053 -16.2701 -16.365 -16.4399
1.39677 42.7545 32912.9 -14.541 -14.9017 -15.1824 -15.5331 -15.8538 -16.3059 -16.3966 -16.4673
1.47317 42.7458 31945.9 -14.6064 -14.9628 -15.2428 -15.5892 -15.9056 -16.3411 -16.4311 -16.4938
1.55374 42.7375 31007.4 -14.6708 -15.023 -15.303 -15.6451 -15.9572 -16.3757 -16.4657 -16.52
1.63872 42.7297 30096.4 -14.7367 -15.0867 -15.3646 -15.7024 -16.0103 -16.4117 -16.4974 -16.5431
1.72834 42.7223 29212.2 -14.804 -15.154 -15.4276 -15.7611 -16.0647 -16.4489 -16.526 -16.5631
1.82287 42.7152 28353.9 -14.8706 -15.22 -15.49 -15.8186 -16.118 -16.4847 -16.554 -16.5834
1.92257 42.7084 27520.9 -14.9405 -15.2855 -15.5555 -15.8756 -16.1706 -16.5156 -16.5806 -16.6056
2.02772 42.702 26712.4 -15.0087 -15.3495 -15.6195 -15.931 -16.2218 -16.5458 -16.6066 -16.6273
2.13862 42.6958 25927.6 -15.0797 -15.4162 -15.6827 -15.9891 -16.2721 -16.5779 -16.6344 -16.6438
2.25559 42.6899 25165.8 -15.15 -15.4822 -15.7444 -16.0466 -16.321 -16.6099 -16.6621 -16.6587
2.37895 42.6842 24426.5 -15.219 -15.549 -15.807 -16.1049 -16.3708 -16.6405 -16.6863 -16.6722
2.50906 42.6786 23708.8 -15.2869 -15.6169 -15.8705 -16.1642 -16.4214 -16.6696 -16.7069 -16.6842
2.64629 42.6733 23012.3 -15.3541 -15.6829 -15.9324 -16.2218 -16.4706 -16.6972 -16.7266 -16.6949
2.79102 42.6681 22336.2 -15.4279 -15.7481 -15.9932 -16.2783 -16.5185 -16.719 -16.7441 -16.6993
2.94367 42.663 21680 -15.4996 -15.8114 -16.0522 -16.3331 -16.5648 -16.7401 -16.7609 -16.7036
3.10467 42.6581 21043 -15.5703 -15.8769 -16.1134 -16.3865 -16.6096 -16.7589 -16.772 -16.7051
3.27447 42.6533 20424.8 -15.6392 -15.9415 -16.1738 -16.4383 -16.6529 -16.7767 -16.7812 -16.7058
3.45356 42.6486 19824.7 -15.7065 -16.0065 -16.2345 -16.4886 -16.6966 -16.7947 -16.7888 -16.7029
3.64245 42.644 19242.3 -15.7723 -16.0723 -16.2961 -16.5372 -16.7409 -16.8133 -16.7944 -16.6956
3.84166 42.6394 18677 -15.8372 -16.1362 -16.3557 -16.5848 -16.7833 -16.8299 -16.7989 -16.6875
4.05177 42.6349 18128.2 -15.9086 -16.1989 -16.4141 -16.6344 -16.8199 -16.8361 -16.7964 -16.672
4.27337 42.6305 17595.6 -15.9776 -16.2596 -16.4705 -16.6824 -16.8553 -16.8419 -16.7938 -16.6567
4.5071 42.6262 17078.7 -16.0421 -16.3187 -16.5254 -16.732 -16.8919 -16.845 -16.7882 -16.6381
4.7536 42.6219 16576.9 -16.1037 -16.3761 -16.5785 -16.7809 -16.928 -16.847 -16.7817 -16.6188
5.01359 42.6176 16089.9 -16.1674 -16.4355 -16.6318 -16.8261 -16.9604 -16.8472 -16.7715 -16.594
5.2878 42.6134 15617.2 -16.2343 -16.4981 -16.6858 -16.8672 -16.9886 -16.8452 -16.7567 -16.5619
5.577 42.6092 15158.4 -16.2991 -16.5583 -16.7379 -16.9067 -17.0155 -16.8424 -16.7408 -16.5296
5.88202 42.605 14713 -16.3626 -16.6131 -16.7884 -16.9442 -17.0399 -16.832 -16.713 -16.4887
6.20372 42.6009 14280.8 -16.424 -16.6661 -16.8371 -16.9802 -17.0633 -16.8216 -16.6858 -16.4489
6.54302 42.5968 13861.2 -16.4871 -16.7206 -16.884 -17.0174 -17.0843 -16.8048 -16.6516 -16.4018
6.90088 42.5927 13454 -16.5494 -16.7743 -16.9292 -17.0541 -17.1039 -16.786 -16.6158 -16.3532
7.27831 42.5886 13058.7 -16.6098 -16.828 -16.9726 -17.0872 -17.1217 -16.7637 -16.5765 -16.2993
7.67637 42.5845 12675 -16.6685 -16.8824 -17.0141 -17.1158 -17.1374 -16.7363 -16.5319 -16.2375
8.09622 42.5805 12302.7 -16.7253 -16.9347 -17.0544 -17.1432 -17.1519 -16.7088 -16.4873 -16.1763
8.53902 42.5765 11941.2 -16.7805 -16.9812 -17.0965 -17.1679 -17.1592 -16.6726 -16.4293 -16.1053
9.00604 42.5724 11590.4 -16.8338 -17.026 -17.1372 -17.1916 -17.1661 -16.6373 -16.3728 -16.0362
9.49861 42.5684 11249.9 -16.8885 -17.0721 -17.1757 -17.2129 -17.1669 -16.5918 -16.309 -15.953
10.0181 42.5644 10919.3 -16.9425 -17.1176 -17.2126 -17.2328 -17.1655 -16.5434 -16.2435 -15.8662
10.566 42.5604 10598.5 -16.9946 -17.1612 -17.246 -17.2509 -17.1623 -16.4917 -16.1714 -15.7762
11.1439 42.5565 10287.2 -17.045 -17.2029 -17.2748 -17.2668 -17.1566 -16.4343 -16.0882 -15.6801
11.7534 42.5525 9984.93 -17.0938 -17.2431 -17.3024 -17.2816 -17.1502 -16.3778 -16.0064 -15.5855
12.3962 42.5485 9691.58 -17.1448 -17.2811 -17.3273 -17.289 -17.1316 -16.3112 -15.9138 -15.4755
13.0742 42.5445 9406.85 -17.194 -17.3176 -17.3512 -17.296 -17.1132 -16.2464 -15.8236 -15.3684
13.7893 42.5406 9130.48 -17.2382 -17.352 -17.3727 -17.2971 -17.0916 -16.1711 -15.7193 -15.25
14.5434 42.5366 8862.23 -17.2795 -17.3848 -17.3927 -17.2958 -17.0689 -16.0929 -15.6113 -15.1291
15.3389 42.5327 8601.86 -17.3207 -17.4158 -17.4109 -17.2927 -17.0413 -16.0101 -15.4971 -15.0022
16.1778 42.5287 8349.15 -17.3625 -17.4447 -17.4269 -17.2872 -17.0056 -15.9183 -15.3708 -14.8629
17.0626 42.5248 8103.85 -17.4028 -17.4724 -17.4419 -17.2812 -16.9703 -15.8283 -15.2473 -14.7269
17.9958 42.5208 7865.77 -17.4409 -17.4974 -17.4494 -17.267 -16.9255 -15.7227 -15.1067 -14.5733
18.98 42.5169 7634.67 -17.4775 -17.5214 -17.4565 -17.2529 -16.8819 -15.6198 -14.9701 -14.4239
20.0181 42.5129 7410.37 -17.512 -17.5399 -17.4608 -17.2296 -16.8285 -15.5031 -14.8159 -14.2598
21.1129 42.509 7192.66 -17.5448 -17.5557 -17.4638 -17.2027 -16.7716 -15.3822 -14.6565 -14.0919
22.2677 42.505 6981.34 -17.5744 -17.5698 -17.462 -17.1743 -16.7104 -15.2588 -14.4918 -13.9202
23.4855 42.5011 6776.23 -17.599 -17.5815 -17.4522 -17.1429 -16.6402 -15.1281 -14.3137 -13.7378
24.77 42.4972 6577.15 -17.6227 -17.5925 -17.4423 -17.1119 -16.5715 -15.0008 -14.1402 -13.5602
26.1248 42.4932 6383.92 -17.6433 -17.6001 -17.4281 -17.0628 -16.4876 -14.8515 -13.9386 -13.363
27.5536 42.4893 6196.36 -17.6631 -17.6072 -17.414 -17.0149 -16.4058 -14.7063 -13.7426 -13.1713
29.0606 42.4853 6014.32 -17.6804 -17.6057 -17.394 -16.9634 -16.314 -14.5469 -13.5317 -12.9675
30.65 42.4814 5837.62 -17.6962 -17.6002 -17.3713 -16.9108 -16.2187 -14.3833 -13.3167 -12.7611
32.3263 42.4775 5666.11 -17.7104 -17.5931 -17.3444 -16.8527 -16.1181 -14.2162 -13.0943 -12.5501
34.0944 42.4735 5499.64 -17.7222 -17.5833 -17.3086 -16.7824 -16.0047 -14.038 -12.8514 -12.3245
35.959 42.4696 5338.07 -17.7333 -17.5734 -17.2737 -16.7139 -15.8943 -13.8648 -12.6154 -12.1052
37.9258 42.4657 5181.24 -17.7366 -17.555 -17.229 -16.6345 -15.7626 -13.6678 -12.3486 -11.8689
40 42.4617 5029.02 -17.7394 -17.5367 -17.1853 -16.5569 -15.6343 -13.476 -12.0891 -11.639
