0.001 34.391 524533 13.9102 13.4802 13.1202 12.6602 12.2002 12.5146 12.3271 12.0771
0.00110521 35.4456 505979 11.2273 10.7973 10.4373 9.97726 9.51726 9.75947 9.57717 9.32717
0.00122149 36.3998 488081 8.79238 8.36238 8.00238 7.54238 7.08238 7.25796 7.07796 6.82509
0.00135 37.2632 470817 6.5825 6.1525 5.7925 5.3325 4.8725 4.98632 4.80632 4.54831
0.00149203 38.0443 454163 4.57457 4.14457 3.78777 3.32457 2.86777 2.91942 2.73942 2.47942
0.00164901 38.7511 438099 2.75105 2.32105 1.96939 1.50105 1.04939 1.03942 0.859418 0.599418
0.0018225 39.3907 422602 1.09162 0.665138 0.311616 -0.154862 -0.608384 -0.6736 -0.8536 -1.1136
0.00201425 39.9693 407654 -0.416485 -0.83784 -1.19649 -1.65784 -2.11649 -2.23294 -2.41294 -2.67294
0.00222617 40.4929 393234 -1.78782 -2.20782 -2.56782 -3.02782 -3.48782 -3.65629 -3.83629 -4.09629
0.00246038 40.9666 379325 -3.03347 -3.45347 -3.81347 -4.27347 -4.73347 -4.95306 -5.13306 -5.39306
0.00271924 41.3952 365908 -4.17176 -4.59176 -4.95176 -5.41176 -5.86759 -6.13931 -6.31931 -6.57931
0.00300533 41.7831 352965 -5.20763 -5.62763 -5.98763 -6.44763 -6.89836 -7.22108 -7.40108 -7.66108
0.00332152 42.134 340480 -6.15729 -6.57729 -6.93729 -7.39729 -7.84729 -8.21326 -8.39326 -8.64876
0.00367098 42.4515 328436 -7.0223 -7.4423 -7.8023 -8.2623 -8.7123 -9.11898 -9.29898 -9.54939
0.0040572 42.7387 316819 -7.81858 -8.23858 -8.59376 -9.05376 -9.50858 -9.95232 -10.1323 -10.3823
0.00448406 42.9987 305612 -8.54458 -8.96458 -9.31468 -9.77468 -10.2346 -10.7139 -10.8939 -11.1439
0.00495583 43.2339 294802 -9.21121 -9.63121 -9.98636 -10.4464 -10.9012 -11.4172 -11.5972 -11.8472
0.00547723 43.4466 284374 -9.81988 -10.2399 -10.5997 -11.0597 -11.5097 -12.061 -12.241 -12.491
0.00605348 43.6392 274316 -10.3903 -10.8103 -11.1648 -11.6248 -12.0748 -12.6576 -12.8376 -13.0876
0.00669037 43.8134 264613 -10.9124 -11.3324 -11.6824 -12.1424 -12.5924 -13.2052 -13.3852 -13.6346
0.00739426 43.971 255253 -11.3954 -11.8154 -12.1654 -12.6254 -13.0754 -13.7143 -13.8943 -14.1385
0.00817221 44.1136 246224 -11.8396 -12.2596 -12.6096 -13.0696 -13.5196 -14.1831 -14.3622 -14.6031
0.00903201 44.2427 237514 -12.2561 -12.6761 -13.0261 -13.4861 -13.9361 -14.6205 -14.7944 -15.0405
0.00998227 44.3595 229113 -12.6413 -13.0613 -13.4113 -13.8713 -14.3201 -15.0237 -15.1949 -15.4437
0.0110325 44.4651 221009 -13.0043 -13.4243 -13.7743 -14.2343 -14.6779 -15.3971 -15.5736 -15.8171
0.0121932 44.5607 213191 -13.3406 -13.7606 -14.1106 -14.5706 -15.0106 -15.7452 -15.9237 -16.1637
0.0134761 44.6471 205650 -13.6553 -14.0753 -14.4253 -14.8853 -15.3253 -16.0755 -16.2488 -16.4888
0.0148939 44.7251 198376 -13.9498 -14.3698 -14.7198 -15.1798 -15.6198 -16.3817 -16.5535 -16.7917
0.0164609 44.7951 191359 -14.2284 -14.6484 -14.9984 -15.4584 -15.8984 -16.6655 -16.8425 -17.0755
0.0181927 44.8568 184590 -14.4878 -14.9078 -15.2578 -15.7156 -16.1556 -16.93 -17.1078 -17.3378
0.0201068 44.9083 178061 -14.7253 -15.1453 -15.4953 -15.9479 -16.3879 -17.1726 -17.3453 -17.5753
0.0222222 44.9452 171763 -14.9257 -15.3457 -15.6957 -16.1457 -16.5857 -17.3757 -17.5457 -17.7757
0.0245602 44.9606 165687 -15.0725 -15.4925 -15.8425 -16.2925 -16.7325 -17.5225 -17.6925 -17.9225
0.0271442 44.9504 159827 -15.1585 -15.5757 -15.9257 -16.3757 -16.8128 -17.6057 -17.7757 -18.0057
0.03 44.9185 154173 -15.1919 -15.6039 -15.9539 -16.4039 -16.8359 -17.6339 -17.8039 -18.0339
0.0331563 44.873 148720 -15.189 -15.6022 -15.949 -16.399 -16.8322 -17.629 -17.799 -18.029
0.0366447 44.8207 143459 -15.166 -15.5844 -15.926 -16.376 -16.8144 -17.606 -17.776 -18.006
0.0405001 44.7652 138385 -15.14 -15.5565 -15.9 -16.3465 -16.7865 -17.5765 -17.7465 -17.973
0.0447611 44.7085 133490 -15.1107 -15.5221 -15.8707 -16.3121 -16.7521 -17.5421 -17.7121 -17.9335
0.0494704 44.651 128768 -15.0817 -15.4917 -15.8417 -16.2817 -16.7178 -17.5078 -17.674 -17.894
0.0546751 44.5938 124213 -15.051 -15.461 -15.811 -16.251 -16.6821 -17.4721 -17.6331 -17.8531
0.0604275 44.5359 119820 -15.021 -15.431 -15.7769 -16.2169 -16.6469 -17.4327 -17.5969 -17.8127
0.0667851 44.4781 115581 -14.9887 -15.3987 -15.7394 -16.1794 -16.6094 -17.3901 -17.5594 -17.7701
0.0738115 44.4203 111493 -14.959 -15.369 -15.709 -16.149 -16.5745 -17.35 -17.52 -17.73
0.0815772 44.3625 107549 -14.9265 -15.3365 -15.6765 -16.1165 -16.5369 -17.3073 -17.4773 -17.6873
0.0901599 44.3047 103745 -14.8972 -15.3072 -15.6472 -16.0823 -16.5023 -17.2723 -17.4375 -17.6475
0.0996457 44.2469 100075 -14.8645 -15.2745 -15.6145 -16.0446 -16.4646 -17.2346 -17.3947 -17.6047
0.110129 44.1893 96535.6 -14.8357 -15.2405 -15.5805 -16.0105 -16.4357 -17.1954 -17.3554 -17.5603
0.121716 44.1316 93120.9 -14.8034 -15.2034 -15.5434 -15.9734 -16.4029 -17.1529 -17.3127 -17.5127
0.134522 44.074 89827 -14.7747 -15.1747 -15.5147 -15.9447 -16.3638 -17.1138 -17.2684 -17.4684
0.148675 44.0166 86649.7 -14.7431 -15.1431 -15.4825 -15.9125 -16.3225 -17.0714 -17.222 -17.4214
0.164317 43.9592 83584.7 -14.7147 -15.1147 -15.4489 -15.8789 -16.2889 -17.0273 -17.1831 -17.3773
0.181605 43.902 80628.2 -14.683 -15.083 -15.4139 -15.843 -16.253 -16.9812 -17.1412 -17.3312
0.200711 43.8449 77776.2 -14.6499 -15.0499 -15.386 -15.8099 -16.2199 -16.9377 -17.0977 -17.2877
0.221828 43.7881 75025.1 -14.6165 -15.0165 -15.3553 -15.7753 -16.1841 -16.8941 -17.0528 -17.2416
0.245166 43.7315 72371.3 -14.5896 -14.9896 -15.3232 -15.7432 -16.1468 -16.8568 -17.0104 -17.1939
0.27096 43.6753 69811.4 -14.5619 -14.9603 -15.2903 -15.7103 -16.1103 -16.8157 -16.9657 -17.1457
0.299468 43.6195 67342 -14.5367 -14.9299 -15.2599 -15.6799 -16.0799 -16.7697 -16.9197 -17.0997
0.330975 43.5643 64960 -14.5097 -14.9015 -15.2297 -15.6478 -16.0478 -16.7259 -16.874 -17.0521
0.365797 43.5097 62662.3 -14.482 -14.879 -15.202 -15.6149 -16.0149 -16.6879 -16.8308 -17.0037
0.404282 43.4559 60445.8 -14.4578 -14.8556 -15.1756 -15.5856 -15.9833 -16.6489 -16.7889 -16.9567
0.446817 43.403 58307.7 -14.4394 -14.832 -15.152 -15.562 -15.9547 -16.6099 -16.7499 -16.9125
0.493827 43.3514 56245.2 -14.4212 -14.8112 -15.1312 -15.5386 -15.9261 -16.5736 -16.711 -16.871
0.545782 43.3011 54255.7 -14.4038 -14.7938 -15.1138 -15.5161 -15.8984 -16.5407 -16.673 -16.833
0.603204 43.2524 52336.6 -14.3936 -14.7807 -15.1007 -15.4978 -15.8778 -16.5092 -16.6392 -16.7964
0.666666 43.2057 50485.3 -14.3899 -14.7718 -15.0918 -15.4838 -15.8638 -16.4798 -16.6098 -16.7618
0.736806 43.161 48699.6 -14.3891 -14.7691 -15.0859 -15.4759 -15.8527 -16.4563 -16.5863 -16.7299
0.814326 43.1188 46977 -14.3914 -14.7714 -15.083 -15.473 -15.8447 -16.4381 -16.5681 -16.7014
0.9 43.0792 45315.3 -14.4014 -14.7814 -15.0879 -15.4743 -15.8443 -16.4238 -16.5503 -16.6803
0.99469 43.0424 43712.4 -14.4169 -14.7969 -15.0983 -15.4797 -15.8497 -16.4137 -16.5351 -16.6651
1.09934 43.0085 42266.9 -14.4341 -14.8106 -15.1106 -15.4906 -15.8536 -16.4066 -16.5266 -16.6496
1.215 42.9775 39964.2 -14.5245 -14.8931 -15.1931 -15.5716 -15.9201 -16.4556 -16.5741 -16.6826
1.34283 42.9494 37787 -14.6224 -14.9829 -15.2829 -15.6534 -15.9939 -16.5054 -16.6159 -16.7164
1.48411 42.9241 35728.4 -14.7211 -15.0886 -15.3811 -15.7435 -16.0759 -16.5632 -16.6657 -16.7505
1.64025 42.9013 33781.9 -14.8309 -15.1952 -15.4796 -15.834 -16.1584 -16.6215 -16.7159 -16.7903
1.81283 42.881 31941.5 -14.9448 -15.3011 -15.5811 -15.9275 -16.2438 -16.6793 -16.7693 -16.832
2.00355 42.8627 30201.3 -15.059 -15.409 -15.6874 -16.0258 -16.3341 -16.7376 -16.8243 -16.871
2.21435 42.8463 28556 -15.1779 -15.5279 -15.7983 -16.1287 -16.429 -16.8005 -16.8712 -16.902
2.44732 42.8315 27000.3 -15.3025 -15.6448 -15.9148 -16.2293 -16.5216 -16.8531 -16.9154 -16.9376
2.7048 42.8181 25529.3 -15.4299 -15.7641 -16.0284 -16.3326 -16.6111 -16.908 -16.9622 -16.965
2.98937 42.8058 24138.5 -15.5558 -15.8858 -16.142 -16.4382 -16.7006 -16.9617 -17.0041 -16.9866
3.30388 42.7944 22823.4 -15.6811 -16.0075 -16.2557 -16.544 -16.7904 -17.0097 -17.0379 -17.0025
3.65148 42.7838 21580 -15.8143 -16.1248 -16.365 -16.6452 -16.8757 -17.0471 -17.0673 -17.008
4.03566 42.7738 20404.3 -15.9432 -16.2453 -16.4775 -16.7418 -16.9561 -17.0789 -17.0832 -17.0075
4.46025 42.7644 19292.7 -16.0667 -16.3667 -16.5907 -16.833 -17.0371 -17.1117 -17.094 -16.9963
4.92951 42.7553 18241.7 -16.1925 -16.4846 -16.7007 -16.9228 -17.111 -17.1335 -17.0956 -16.9738
5.44814 42.7466 17247.9 -16.3188 -16.5969 -16.805 -17.013 -17.1773 -17.1418 -17.0879 -16.9422
6.02134 42.7382 16308.2 -16.4334 -16.7035 -16.9036 -17.1037 -17.2439 -17.1447 -17.0748 -16.9051
6.65484 42.73 15419.7 -16.5582 -16.8202 -17.0042 -17.1803 -17.2963 -17.1404 -17.0464 -16.8444
7.355 42.7219 14579.7 -16.677 -16.9249 -17.0989 -17.2508 -17.3426 -17.1242 -17.0001 -16.7719
8.12882 42.714 13785.4 -16.7937 -17.0256 -17.1874 -17.3193 -17.383 -17.0963 -16.94 -16.6878
8.98404 42.7062 13034.4 -16.9082 -17.1261 -17.2699 -17.3836 -17.4174 -17.0566 -16.8683 -16.59
9.92926 42.6985 12324.3 -17.0164 -17.2263 -17.3463 -17.4361 -17.4459 -17.0053 -16.7851 -16.4749
10.9739 42.6908 11652.8 -17.1185 -17.3122 -17.4241 -17.4816 -17.4591 -16.9377 -16.6771 -16.3427
12.1285 42.6832 11018 -17.2204 -17.398 -17.4956 -17.5209 -17.4599 -16.8518 -16.5571 -16.1861
13.4045 42.6757 10417.7 -17.3177 -17.4793 -17.5566 -17.554 -17.4529 -16.7522 -16.4169 -16.0143
14.8148 42.6682 9850.19 -17.411 -17.5543 -17.6077 -17.5788 -17.4354 -16.641 -16.2576 -15.8288
16.3735 42.6607 9313.56 -17.5035 -17.6231 -17.6525 -17.5915 -17.4006 -16.518 -16.0866 -15.626
18.0961 42.6532 8806.16 -17.5817 -17.6852 -17.6904 -17.589 -17.3577 -16.3701 -15.8822 -15.3974
20 42.6458 8326.4 -17.6598 -17.7408 -17.7218 -17.5802 -17.2959 -16.2036 -15.6529 -15.1439
