  5.4033701924E+002  1.3991841947E+012
  5.7030714468E+002  1.3993712891E+012
  6.0022318711E+002  1.4144503071E+012
  6.3026288445E+002  1.4723018130E+012
  6.6025780327E+002  1.5709337748E+012
  6.9031520978E+002  1.6976105072E+012
  7.2037427231E+002  1.8458309483E+012
  7.5049349334E+002  2.0091283457E+012
  7.8038287162E+002  2.1803518093E+012
  8.1049656497E+002  2.3589732849E+012
  8.4039223234E+002  2.5406014719E+012
  8.7039289203E+002  2.7260777140E+012
  9.0048505167E+002  2.9146174804E+012
  9.3034577972E+002  3.1036710267E+012
  9.6030863423E+002  3.2949667725E+012
  9.9046564256E+002  3.4888323019E+012
  1.0204585951E+003  3.6827471025E+012
  1.0504180633E+003  3.8773697892E+012
  1.0805733409E+003  4.0740498664E+012
  1.1103348008E+003  4.2688201997E+012
  1.1406211924E+003  4.4675991187E+012
  1.1704181830E+003  4.6636469811E+012
  1.2003922384E+003  4.8612748973E+012
  1.2306201402E+003  5.0609390040E+012
  1.2603641637E+003  5.2577053266E+012
  1.2905173672E+003  5.4574267385E+012
  1.3203892162E+003  5.6554865421E+012
  1.3503803528E+003  5.8545023872E+012
  1.3805302643E+003  6.0547043647E+012
  1.4104559574E+003  6.2535179812E+012
  1.4404821637E+003  6.4530544746E+012
  1.4705879738E+003  6.6531753488E+012
  1.5004019720E+003  6.8513731450E+012
  1.5307176531E+003  7.0528987838E+012
  1.5607583129E+003  7.2525660955E+012
  1.5904893599E+003  7.4501237914E+012
  1.6206923286E+003  7.6507410134E+012
  1.6505187472E+003  7.8487681621E+012
  1.6807762594E+003  8.0495566250E+012
  1.7106252309E+003  8.2475261412E+012
  1.7404939719E+003  8.4455099136E+012
  1.7708375183E+003  8.6465022955E+012
  1.8007762930E+003  8.8446557562E+012
  1.8307267079E+003  9.0427081964E+012
  1.8606620773E+003  9.2404601854E+012
  1.8905643134E+003  9.4377607149E+012
  1.9209019459E+003  9.6376962851E+012
  1.9507238750E+003  9.8340114818E+012
  1.9805033227E+003  1.0029843112E+013
  2.0107426011E+003  1.0228509799E+013
  2.0409499829E+003  1.0426763794E+013
  2.0705903579E+003  1.0621064013E+013
  2.1006628237E+003  1.0817975239E+013
  2.1306438875E+003  1.1014083100E+013
  2.1610622398E+003  1.1212862812E+013
  2.1908445244E+003  1.1407324758E+013
  2.2210675651E+003  1.1604459698E+013
  2.2506250462E+003  1.1796994605E+013
  2.2806242789E+003  1.1992206163E+013
  2.3110812745E+003  1.2190260585E+013
  2.3408360133E+003  1.2383691758E+013
  2.3710438080E+003  1.2580093320E+013
  2.4011123379E+003  1.2775698592E+013
  2.4310249595E+003  1.2970343595E+013
  2.4607615506E+003  1.3163866634E+013
  2.4909336064E+003  1.3360282055E+013
  2.5209058568E+003  1.3555490062E+013
  2.5506608299E+003  1.3749409583E+013
  2.5808437035E+003  1.3946282162E+013
  2.6107965422E+003  1.4141853104E+013
  2.6411817358E+003  1.4340473631E+013
  2.6713191901E+003  1.4537688522E+013
  2.7011890230E+003  1.4733370282E+013
  2.7307716916E+003  1.4927393847E+013
  2.7607669423E+003  1.5124358203E+013
  2.7911848010E+003  1.5324346406E+013
  2.8212951509E+003  1.5522565952E+013
  2.8510757378E+003  1.5718867699E+013
  2.8812632982E+003  1.5918128478E+013
  2.9110950157E+003  1.6115523001E+013
  2.9413274604E+003  1.6316045491E+013
  2.9711764085E+003  1.6514390108E+013
  3.0014173413E+003  1.6715603903E+013
  3.0312433883E+003  1.6914215982E+013
  3.0614490870E+003  1.7155401503E+013
  3.0912067379E+003  1.7353658492E+013
  3.1213325009E+003  1.7554394017E+013
  3.1509801500E+003  1.7751921807E+013
  3.1809882119E+003  1.7951781273E+013
  3.2113640495E+003  1.8153972466E+013
  3.2412313966E+003  1.8352618646E+013
  3.2714600731E+003  1.8553460563E+013
  3.3011521951E+003  1.8750489813E+013
  3.3311990858E+003  1.8949642493E+013
  3.3616093600E+003  1.9151297046E+013
  3.3914547351E+003  1.9349255034E+013
  3.4216620911E+003  1.9549551860E+013
  3.4512820030E+003  1.9745784623E+013
  3.4812646722E+003  1.9944141049E+013
  3.5116222434E+003  2.0144579109E+013
  3.5413688881E+003  2.0340485033E+013
  3.5714885376E+003  2.0538231447E+013
  3.6019911173E+003  2.0737739554E+013
  3.6318495147E+003  2.0932178093E+013
  3.6620817306E+003  2.1128078908E+013
  3.6916325491E+003  2.1318793186E+013
  3.7215439292E+003  2.1511115620E+013
  3.7518215249E+003  2.1705033818E+013
  3.7813701855E+003  2.1893524017E+013
  3.8112708953E+003  2.2083471481E+013
  3.8415305626E+003  2.2274864895E+013
  3.8721572048E+003  2.2467695603E+013
  3.9020048905E+003  2.2654736826E+013
  3.9322103470E+003  2.2843099178E+013
  3.9616003440E+003  2.3025455414E+013
  3.9913386387E+003  2.3209014643E+013
  4.0214338106E+003  2.3393759293E+013
  4.0518941087E+003  2.3579612938E+013
  4.0814867468E+003  2.3758996229E+013
  4.1114295779E+003  2.3939288521E+013
  4.1417288214E+003  2.4120448075E+013
  4.1723905779E+003  2.4302426928E+013
  4.2021206501E+003  2.4477542923E+013
  4.2321950048E+003  2.4653311866E+013
  4.2626196708E+003  2.4829680014E+013
  4.2920552747E+003  2.4998888501E+013
  4.3218233486E+003  2.5168541253E+013
  4.3519303220E+003  2.5338583182E+013
  4.3823829775E+003  2.5508955934E+013
  4.4117804137E+003  2.5671836148E+013
  4.4415057141E+003  2.5834780792E+013
  4.4715655225E+003  2.5997160153E+013
  4.5019666848E+003  2.6158867583E+013
  4.5327162268E+003  2.6319878299E+013
  4.5623319563E+003  2.6472560250E+013
  4.5922764584E+003  2.6624594683E+013
  4.6225560327E+003  2.6775993545E+013
  4.6516376848E+003  2.6919260191E+013
  4.6825885206E+003  2.7069525928E+013
  4.7123187757E+003  2.7211835087E+013
  4.7423725743E+003  2.7353804714E+013
  4.7727545529E+003  2.7495551911E+013
  4.8018441857E+003  2.7629766177E+013
  4.8328776412E+003  2.7771531761E+013
  4.8625917943E+003  2.7906093875E+013
  4.8926148644E+003  2.8040067741E+013
  4.9229501373E+003  2.8172923515E+013
  4.9518897944E+003  2.8297346399E+013
  4.9828418069E+003  2.8427959003E+013
  5.0123702896E+003  2.8550247031E+013
  5.0421896767E+003  2.8671509503E+013
  5.0723034667E+003  2.8791774321E+013
  5.1027153993E+003  2.8911088404E+013
  5.1334294627E+003  2.9029528322E+013
  5.1626165992E+003  2.9140295052E+013
  5.1920788353E+003  2.9250484547E+013
  5.2236882486E+003  2.9367070056E+013
  5.2537303625E+003  2.9476493185E+013
  5.2821558993E+003  2.9578967505E+013
  5.3127590593E+003  2.9387785056E+013
  5.3436583048E+003  2.9494693121E+013
  5.3728993294E+003  2.9595111608E+013
  5.4024084687E+003  2.9695702792E+013
  5.4321896371E+003  2.9796473660E+013
  5.4622467932E+003  2.9897445200E+013
  5.4925839225E+003  2.9998648565E+013
  5.5232050189E+003  3.0100122991E+013
  5.5541140666E+003  3.0202117685E+013
  5.5832257991E+003  3.0297917112E+013
  5.6125950046E+003  3.0394257517E+013
  5.6422248361E+003  3.0491091907E+013
  5.6742638422E+003  3.0595330836E+013
  5.7022788248E+003  3.0686023966E+013
  5.7327091481E+003  3.0783995469E+013
  5.7634124619E+003  3.0882207896E+013
  5.7943918745E+003  3.0980579788E+013
  5.8234084603E+003  3.1071989927E+013
  5.8526684472E+003  3.1163382360E+013
  5.8844545058E+003  3.1261688145E+013
  5.9142287728E+003  3.1352766841E+013
  5.9442551365E+003  3.1443547753E+013
  5.9745367144E+003  3.1533925949E+013
  6.0027183010E+003  3.1616897281E+013
  6.0335000665E+003  3.1711797858E+013
  6.0645471545E+003  3.1862724601E+013
  6.0934447887E+003  3.2003035208E+013
  6.1225748630E+003  3.2144304153E+013
  6.1543985042E+003  3.2298431349E+013
  6.1840233500E+003  3.2441708402E+013
  6.2138909402E+003  3.2585953738E+013
  6.2440047916E+003  3.2731169292E+013
  6.2743684833E+003  3.2877356196E+013
  6.3049856428E+003  3.3024514663E+013
  6.3332771646E+003  3.3160262744E+013
  6.3643903957E+003  3.3277154822E+013
  6.3931428672E+003  3.3415749272E+013
  6.4247657544E+003  3.3567910536E+013
  6.4539916518E+003  3.3708281777E+013
  6.4834483811E+003  3.3849507108E+013
  6.5131387926E+003  3.3991588564E+013
  6.5430657329E+003  3.4134527548E+013
  6.5732320460E+003  3.4278324802E+013
  6.6036405752E+003  3.4422980383E+013
  6.6342941663E+003  3.4568493667E+013
  6.6651956707E+003  3.4714863463E+013
  6.6935054867E+003  3.4848668605E+013
  6.7248882402E+003  3.4996667706E+013
  6.7536403374E+003  3.5131949135E+013
  6.7855149031E+003  3.5281565441E+013
  6.8147189709E+003  3.5418313562E+013
  6.8441417342E+003  3.5555869245E+013
  6.8737854760E+003  3.5694277946E+013
  6.9036525171E+003  3.5833530415E+013
  6.9337452212E+003  3.5973616488E+013
  6.9640659996E+003  3.6114525080E+013
  6.9946173151E+003  3.6256244166E+013
  7.0254016860E+003  3.6398760792E+013
  7.0533090109E+003  3.6527696220E+013
  7.0845433371E+003  3.6671689187E+013
  7.1160183607E+003  3.6816436749E+013
  7.1445539550E+003  3.6947340790E+013
  7.1732887979E+003  3.7078829235E+013
  7.2054526326E+003  3.7225595888E+013
  7.2346150245E+003  3.7358271087E+013
  7.2639832916E+003  3.7491484212E+013
  7.2935596338E+003  3.7625218430E+013
  7.3233462798E+003  3.7759456040E+013
  7.3533454837E+003  3.7894178066E+013
  7.3835595210E+003  3.8029364193E+013
  7.4139906850E+003  3.8164992729E+013
  7.4446412830E+003  3.8301040528E+013
  7.4755136329E+003  3.8437482906E+013
  7.5066100605E+003  3.8574320341E+013
  7.5344413279E+003  3.8696371055E+013
  7.5659673743E+003  3.8834157427E+013
  7.5941842272E+003  3.8957056310E+013
  7.6261482252E+003  3.9095787420E+013
  7.6547580755E+003  3.9219517009E+013
  7.6871683703E+003  3.9359171663E+013
  7.7161786453E+003  3.9483711720E+013
  7.7453799346E+003  3.9608625423E+013
  7.7747738968E+003  3.9733907427E+013
  7.8043621993E+003  3.9859552075E+013
  7.8341465204E+003  3.9985553386E+013
  7.8641285521E+003  4.0111905054E+013
  7.8943100035E+003  4.0238600447E+013
  7.9246926034E+003  4.0365632607E+013
  7.9552781037E+003  4.0492994249E+013
  7.9860682825E+003  4.0620677762E+013
  8.0170649477E+003  4.0748675232E+013
  8.0443578593E+003  4.0860924215E+013
  8.0757466757E+003  4.0989488324E+013
  8.1073473695E+003  4.1118342236E+013
  8.1351733155E+003  4.1231319985E+013
  8.1671765748E+003  4.1360692437E+013
  8.1953578638E+003  4.1474109111E+013
  8.2277708496E+003  4.1603965637E+013
  8.2563138865E+003  4.1717789981E+013
  8.2850280131E+003  4.1831813667E+013
  8.3180555675E+003  4.1962382148E+013
  8.3471413710E+003  4.2076844335E+013
  8.3764030522E+003  4.2191498331E+013
  8.4058422007E+003  4.2306335625E+013
  8.4354604379E+003  4.2421347435E+013
  8.4652594172E+003  4.2536524695E+013
  8.4952408229E+003  4.2651858062E+013
  8.5254063701E+003  4.2767337911E+013
  8.5557578031E+003  4.2882954302E+013
  8.5862968952E+003  4.2998696948E+013
  8.6170254463E+003  4.3114555188E+013
  8.6479452823E+003  4.3230517968E+013
  8.6746016473E+003  4.3329989163E+013
  8.7058816501E+003  4.3446115342E+013
  8.7373582786E+003  4.3562312135E+013
  8.7690334394E+003  4.3678566781E+013
  8.7963430494E+003  4.3778249632E+013
  8.8283920228E+003  4.3894576160E+013
  8.8560249108E+003  4.3994299984E+013
  8.8884544037E+003  4.4110649366E+013
  8.9164163436E+003  4.4210370633E+013
  8.9492331144E+003  4.4334430203E+013
  8.9775299126E+003  4.4456381636E+013
  9.0059832233E+003  4.4578686362E+013
  9.0393782205E+003  4.4721817650E+013
  9.0681748932E+003  4.4844877103E+013
  9.0971320005E+003  4.4968279482E+013
  9.1262507783E+003  4.5092007621E+013
  9.1555324602E+003  4.5215971230E+013
  9.1849782780E+003  4.5340159610E+013
  9.2195408225E+003  4.5485339253E+013
  9.2493464852E+003  4.5610038554E+013
  9.2793201733E+003  4.5734985639E+013
  9.3094631131E+003  4.5860188734E+013
  9.3397765310E+003  4.5985656595E+013
  9.3651688244E+003  4.6090422099E+013
  9.3957979748E+003  4.6216399987E+013
  9.4266010870E+003  4.6342670610E+013
  9.4575793973E+003  4.6469245063E+013
  9.4887341470E+003  4.6596135134E+013
  9.5200665846E+003  4.6723353340E+013
  9.5463135891E+003  4.6829628723E+013
  9.5779750577E+003  4.6957483554E+013
  9.6098177997E+003  4.7085706203E+013
  9.6364928190E+003  4.7192850604E+013
  9.6686712482E+003  4.7321788703E+013
  9.6956278358E+003  4.7429552816E+013
  9.7281463659E+003  4.7559264210E+013
  9.7608523013E+003  4.7689423798E+013
  9.7882513857E+003  4.7798246754E+013
  9.8157823552E+003  4.7907406660E+013
  9.8489947444E+003  4.8038860866E+013
  9.8768187167E+003  4.8148806519E+013
  9.9103851022E+003  4.8281242083E+013
  9.9385060926E+003  4.8392038861E+013
  9.9667634491E+003  4.8503245566E+013
  1.0000853497E+004  4.8637256039E+013
  1.0029413105E+004  4.8749415383E+013
  1.0058109951E+004  4.8862027292E+013
  1.0086945241E+004  4.8975125811E+013
  1.0115920399E+004  4.9088764705E+013
  1.0150877534E+004  4.9225836303E+013
  1.0180166438E+004  4.9340639016E+013
  1.0209601108E+004  4.9455955609E+013
  1.0239183733E+004  4.9571776443E+013
  1.0268916620E+004  4.9688091600E+013
  1.0298802167E+004  4.9804890726E+013
  1.0328842824E+004  4.9922162836E+013
  1.0359041066E+004  5.0039896179E+013
  1.0389399354E+004  5.0158078119E+013
  1.0419920107E+004  5.0276694995E+013
  1.0450605667E+004  5.0395731978E+013
  1.0481458276E+004  5.0515172928E+013
  1.0506262067E+004  5.0611004784E+013
  1.0537420608E+004  5.0731127557E+013
  1.0568751764E+004  5.0851601154E+013
  1.0600257235E+004  5.0972403494E+013
  1.0631938560E+004  5.1093510780E+013
  1.0657411178E+004  5.1190599068E+013
  1.0689412463E+004  5.1312189750E+013
  1.0721593177E+004  5.1434009549E+013
  1.0747467661E+004  5.1531610055E+013
  1.0779974007E+004  5.1653764985E+013
  1.0812662648E+004  5.1776060431E+013
  1.0838945475E+004  5.1873974654E+013
  1.0871964753E+004  5.1996434380E+013
  1.0898513445E+004  5.2094432331E+013
  1.0931866884E+004  5.2216934966E+013
  1.0958684500E+004  5.2314916328E+013
  1.0992376310E+004  5.2437332574E+013
  1.1019466589E+004  5.2535190803E+013
  1.1053501976E+004  5.2657383527E+013
  1.1080869544E+004  5.2755005623E+013
  1.1108362091E+004  5.2852484626E+013
  1.1142905352E+004  5.2974094781E+013
  1.1170683588E+004  5.3071199920E+013
  1.1198590969E+004  5.3168263542E+013
  1.1233658994E+004  5.3289545668E+013
  1.1261862271E+004  5.3386530007E+013
  1.1290199526E+004  5.3483474530E+013
  1.1318672314E+004  5.3580376364E+013
  1.1347282197E+004  5.3677232514E+013
  1.1383239703E+004  5.3798233615E+013
  1.1412163676E+004  5.3894975047E+013
  1.1441229656E+004  5.4005697214E+013
  1.1470439038E+004  5.4119233039E+013
  1.1499793138E+004  5.4232980495E+013
  1.1529293178E+004  5.4346938534E+013
  1.1558940274E+004  5.4461105632E+013
  1.1588735426E+004  5.4463460054E+013
  1.1618679515E+004  5.4576388638E+013
  1.1648773296E+004  5.4689631161E+013
  1.1679017404E+004  5.4803170534E+013
  1.1709412352E+004  5.4916989413E+013
  1.1739958541E+004  5.5031070302E+013
  1.1770656271E+004  5.5145395430E+013
  1.1801505751E+004  5.5259946628E+013
  1.1832507123E+004  5.5374705266E+013
  1.1863660471E+004  5.5489652232E+013
  1.1894965851E+004  5.5604767948E+013
  1.1918544685E+004  5.5691203448E+013
  1.1950116239E+004  5.5806566047E+013
  1.1981840001E+004  5.5922041388E+013
  1.2013716112E+004  5.6037608479E+013
  1.2045744794E+004  5.6153246093E+013
  1.2069866619E+004  5.6240007707E+013
  1.2102163143E+004  5.6355717116E+013
  1.2134613417E+004  5.6471437821E+013
  1.2159052427E+004  5.6558222677E+013
  1.2191773505E+004  5.6673910725E+013
  1.2224650595E+004  5.6789549969E+013
  1.2249411469E+004  5.6876234089E+013
  1.2282564394E+004  5.6991734658E+013
  1.2315876827E+004  5.7107125195E+013
  1.2340966766E+004  5.7193582221E+013
  1.2374562195E+004  5.7308731479E+013
  1.2399866390E+004  5.7394995263E+013
  1.2433750346E+004  5.7509864090E+013
  1.2459273178E+004  5.7595889866E+013
  1.2493451770E+004  5.7710402341E+013
  1.2519197988E+004  5.7796130566E+013
  1.2553677712E+004  5.7910204199E+013
  1.2579652273E+004  5.7995570389E+013
  1.2614439796E+004  5.8109115261E+013
  1.2640647707E+004  5.8194048711E+013
  1.2675749661E+004  5.8306965796E+013
  1.2702195826E+004  5.8391388440E+013
  1.2737618616E+004  5.8503568268E+013
  1.2764307715E+004  5.8587547011E+013
  1.2791102284E+004  5.8671876079E+013
  1.2826993774E+004  5.8784864534E+013
  1.2854037401E+004  5.8869976987E+013
  1.2881188969E+004  5.8955370348E+013
  1.2917560139E+004  5.9069604335E+013
  1.2944966174E+004  5.9155514423E+013
  1.2972482327E+004  5.9241583257E+013
  1.3000109209E+004  5.9327771328E+013
  1.3037118321E+004  5.9442803548E+013
  1.3065005867E+004  5.9529108996E+013
  1.3093006095E+004  5.9615392727E+013
  1.3121119587E+004  5.9701609643E+013
  1.3158781449E+004  5.9816381107E+013
  1.3187161531E+004  5.9902258877E+013
  1.3215656890E+004  5.9987909054E+013
  1.3244268169E+004  6.0073280051E+013
  1.3272996037E+004  6.0171021024E+013
  1.3301841193E+004  6.0271604851E+013
  1.3330804365E+004  6.0372081632E+013
  1.3359886316E+004  6.0472416251E+013
  1.3398848399E+004  6.0605912272E+013
  1.3428210655E+004  6.0705773628E+013
  1.3457694473E+004  6.0805369173E+013
  1.3487300757E+004  6.0904659604E+013
  1.3517030439E+004  6.1003604477E+013
  1.3546884476E+004  6.1102162130E+013
  1.3576863841E+004  6.1200289607E+013
  1.3606969525E+004  6.1297942564E+013
  1.3637202527E+004  6.1395075191E+013
  1.3667563846E+004  6.1491640110E+013
  1.3698054481E+004  6.1587601462E+013
  1.3728675418E+004  6.1683010966E+013
  1.3759427627E+004  6.1777837869E+013
  1.3790312055E+004  6.1872028730E+013
  1.3810975583E+004  6.1934442308E+013
  1.3842082396E+004  6.2027450616E+013
  1.3873323793E+004  6.2119672964E+013
  1.3904700586E+004  6.2211049335E+013
  1.3936213542E+004  6.2301517318E+013
  1.3967863377E+004  6.2391012051E+013
  1.3999650757E+004  6.2479466165E+013
  1.4020919063E+004  6.2537823022E+013
  1.4052937024E+004  6.2624386050E+013
  1.4085094056E+004  6.2709716046E+013
  1.4117390643E+004  6.2793735847E+013
  1.4149827228E+004  6.2876365424E+013
  1.4171529596E+004  6.2930638606E+013
  1.4204200393E+004  6.3010504205E+013
  1.4237012202E+004  6.3088121568E+013
  1.4269965361E+004  6.3163495494E+013
  1.4292012826E+004  6.3212506775E+013
  1.4325202304E+004  6.3284180241E+013
  1.4358534020E+004  6.3353657943E+013
  1.4392008325E+004  6.3420959883E+013
  1.4414403931E+004  6.3464629604E+013
  1.4448116747E+004  6.3528353335E+013
  1.4481973251E+004  6.3589960421E+013
  1.4504624323E+004  6.3629879507E+013
  1.4538721441E+004  6.3690794317E+013
  1.4561533452E+004  6.3747358844E+013
  1.4595872856E+004  6.3831395735E+013
  1.4630358573E+004  6.3914498892E+013
  1.4653430730E+004  6.3969403927E+013
  1.4688162125E+004  6.4051049073E+013
  1.4723042152E+004  6.4131879703E+013
  1.4746378578E+004  6.4185336819E+013
  1.4781508631E+004  6.4264911224E+013
  1.4805012773E+004  6.4317572745E+013
  1.4840396042E+004  6.4396015558E+013
  1.4864070138E+004  6.4447962977E+013
  1.4899710133E+004  6.4525393011E+013
  1.4923556616E+004  6.4576702662E+013
  1.4959457103E+004  6.4653229112E+013
  1.4983478550E+004  6.4703969690E+013
  1.5019643472E+004  6.4779688509E+013
  1.5043842547E+004  6.4829918726E+013
  1.5080275923E+004  6.4904895544E+013
  1.5104655305E+004  6.4954529531E+013
  1.5141361127E+004  6.5028425405E+013
  1.5165923441E+004  6.5077351240E+013
  1.5202905560E+004  6.5150285565E+013
  1.5227653300E+004  6.5198669688E+013
  1.5252475868E+004  6.5246897062E+013
  1.5289850788E+004  6.5318982309E+013
  1.5314861931E+004  6.5366891928E+013
  1.5352521213E+004  6.5438572181E+013
  1.5377722860E+004  6.5486255860E+013
  1.5403001180E+004  6.5533871537E+013
  1.5441062938E+004  6.5622891305E+013
  1.5466533937E+004  6.5685759003E+013
  1.5504885642E+004  6.5780387355E+013
  1.5530550483E+004  6.5843705488E+013
  1.5556293117E+004  6.5907220417E+013
  1.5595053181E+004  6.6002879810E+013
  1.5620990776E+004  6.6066921388E+013
  1.5647006506E+004  6.6131185294E+013
  1.5673100439E+004  6.6195667877E+013
  1.5712388088E+004  6.6292491153E+013
  1.5738677757E+004  6.6357030417E+013
  1.5765045797E+004  6.6421542851E+013
  1.5804744893E+004  6.6518224424E+013
  1.5831309044E+004  6.6582597409E+013
  1.5857951724E+004  6.6646892686E+013
  1.5884672993E+004  6.6710982975E+013
  1.5924902416E+004  6.6806681003E+013
  1.5951820516E+004  6.6870191753E+013
  1.5978817541E+004  6.6933473736E+013
  1.6005893634E+004  6.6996527361E+013
  1.6046656409E+004  6.7090678816E+013
  1.6073930987E+004  6.7153158935E+013
  1.6101285368E+004  6.7215407077E+013
  1.6128719839E+004  6.7277420915E+013
  1.6156234724E+004  6.7339197568E+013
  1.6183830388E+004  6.7400733642E+013
  1.6225376246E+004  6.7492578096E+013
  1.6253175731E+004  6.7553494883E+013
  1.6281057606E+004  6.7614155750E+013
  1.6309022433E+004  6.7674555447E+013
  1.6337070814E+004  6.7734688382E+013
  1.6365203397E+004  6.7800235588E+013
  1.6407561677E+004  6.7911116501E+013
  1.6435898480E+004  6.7984989741E+013
  1.6464283630E+004  6.8058744458E+013
  1.6492719140E+004  6.8132382872E+013
  1.6521207676E+004  6.8205908473E+013
  1.6549751991E+004  6.8279324603E+013
  1.6578354909E+004  6.8352607555E+013
  1.6607019318E+004  6.8425634114E+013
  1.6635748159E+004  6.8498358481E+013
  1.6664544413E+004  6.8570776272E+013
  1.6707871785E+004  6.8678848862E+013
  1.6736849777E+004  6.8750540024E+013
  1.6765905769E+004  6.8821953940E+013
  1.6795042781E+004  6.8893096974E+013
  1.6824263806E+004  6.8963974675E+013
  1.6853571804E+004  6.9034591796E+013
  1.6882969687E+004  6.9104952305E+013
  1.6912460308E+004  6.9175059389E+013
  1.6942046449E+004  6.9244915466E+013
  1.6971730816E+004  6.9314522178E+013
  1.7001516022E+004  6.9383880009E+013
  1.7031404583E+004  6.9452987617E+013
  1.7061398908E+004  6.9521842438E+013
  1.7091501291E+004  6.9590440984E+013
  1.7121713903E+004  6.9658778950E+013
  1.7152038789E+004  6.9726851269E+013
  1.7182477857E+004  6.9794652158E+013
  1.7213032880E+004  6.9862175145E+013
  1.7243705488E+004  6.9929358386E+013
  1.7274497169E+004  6.9996037341E+013
  1.7305409261E+004  7.0064356442E+013
  1.7336434993E+004  7.0144454642E+013
  1.7367546310E+004  7.0224317149E+013
  1.7398744188E+004  7.0303953816E+013
  1.7430031659E+004  7.0383378964E+013
  1.7445709934E+004  7.0423016468E+013
  1.7477137422E+004  7.0502126238E+013
  1.7508661946E+004  7.0580989994E+013
  1.7540286395E+004  7.0659609558E+013
  1.7572013595E+004  7.0737986161E+013
  1.7603846294E+004  7.0816120218E+013
  1.7635787159E+004  7.0894037063E+013
  1.7667838762E+004  7.0971780118E+013
  1.7700003572E+004  7.1049351342E+013
  1.7716129173E+004  7.1088072772E+013
  1.7748468189E+004  7.1165387474E+013
  1.7780926098E+004  7.1242531172E+013
  1.7813504963E+004  7.1319503255E+013
  1.7846206717E+004  7.1396294851E+013
  1.7879033159E+004  7.1472771276E+013
  1.7911975857E+004  7.1548863091E+013
  1.7928480170E+004  7.1586739666E+013
  1.7961549374E+004  7.1662140829E+013
  1.7994667700E+004  7.1737000174E+013
  1.8027832227E+004  7.1811311421E+013
  1.8061044698E+004  7.1885078619E+013
  1.8077669508E+004  7.1921759638E+013
  1.8110957573E+004  7.1994719979E+013
  1.8144298756E+004  7.2067150249E+013
  1.8177695445E+004  7.2139058228E+013
  1.8211150196E+004  7.2210453059E+013
  1.8227900188E+004  7.2252444927E+013
  1.8261447178E+004  7.2337563309E+013
  1.8295059308E+004  7.2422441880E+013
  1.8328739657E+004  7.2507085044E+013
  1.8362491424E+004  7.2591497570E+013
  1.8379395121E+004  7.2633618888E+013
  1.8413260253E+004  7.2717694781E+013
  1.8447205251E+004  7.2801479819E+013
  1.8481233634E+004  7.2884911851E+013
  1.8498274106E+004  7.2926482459E+013
  1.8532390944E+004  7.3009289700E+013
  1.8566556133E+004  7.3091649334E+013
  1.8600770422E+004  7.3173559013E+013
  1.8617896264E+004  7.3214344619E+013
  1.8652186015E+004  7.3295576953E+013
  1.8686527561E+004  7.3376372012E+013
  1.8720922319E+004  7.3456745493E+013
  1.8738140150E+004  7.3496775350E+013
  1.8772617818E+004  7.3576524512E+013
  1.8807153106E+004  7.3655864958E+013
  1.8841748120E+004  7.3734804421E+013
  1.8859068736E+004  7.3774126612E+013
  1.8893757710E+004  7.3852482404E+013
  1.8928512506E+004  7.3930463166E+013
  1.8963335880E+004  7.4008047641E+013
  1.8980774191E+004  7.4046655901E+013
  1.9015705964E+004  7.4123467611E+013
  1.9050713922E+004  7.4199741000E+013
  1.9068247497E+004  7.4237675950E+013
  1.9103375966E+004  7.4313142704E+013
  1.9138589116E+004  7.4399652165E+013
  1.9173890552E+004  7.4489168607E+013
  1.9191575529E+004  7.4533839762E+013
  1.9227016350E+004  7.4623009721E+013
  1.9262554842E+004  7.4711952869E+013
  1.9280361920E+004  7.4756340717E+013
  1.9316054172E+004  7.4844952121E+013
  1.9351853812E+004  7.4933349358E+013
  1.9369795128E+004  7.4977469698E+013
  1.9405763197E+004  7.5065558211E+013
  1.9441848429E+004  7.5153450062E+013
  1.9459936191E+004  7.5197324729E+013
  1.9496204393E+004  7.5330446900E+013
  1.9532599308E+004  7.5417912226E+013
  1.9550845440E+004  7.5461547678E+013
  1.9587437317E+004  7.5548648056E+013
  1.9624164953E+004  7.5635520732E+013
  1.9642580754E+004  7.5678863961E+013
  1.9679518397E+004  7.5765361535E+013
  1.9716583411E+004  7.5851565022E+013
  1.9735149750E+004  7.5894521219E+013
  1.9772352001E+004  7.5980142662E+013
  1.9790988697E+004  7.6022808327E+013
  1.9828335239E+004  7.6107851398E+013
  1.9865768941E+004  7.6192484326E+013
  1.9884511795E+004  7.6234631679E+013
  1.9922050241E+004  7.6318590730E+013
  1.9940846150E+004  7.6360403883E+013
  1.9978492190E+004  7.6443702156E+013
  2.0016211752E+004  7.6526573202E+013
  2.0035099594E+004  7.6568943370E+013
  2.0072932466E+004  7.6664156978E+013
  2.0091877941E+004  7.6711675512E+013
  2.0129828137E+004  7.6806532663E+013
  2.0167858978E+004  7.6901146472E+013
  2.0186905289E+004  7.6948361225E+013
  2.0225061059E+004  7.7042594913E+013
  2.0244171086E+004  7.7089598684E+013
  2.0282456906E+004  7.7183369936E+013
  2.0301633313E+004  7.7230135481E+013
  2.0340054710E+004  7.7323422584E+013
  2.0359300358E+004  7.7369942995E+013
  2.0397863247E+004  7.7462735619E+013
  2.0436523929E+004  7.7555206299E+013
  2.0455891843E+004  7.7601330232E+013
  2.0494704668E+004  7.7693360927E+013
  2.0514150338E+004  7.7739270765E+013
  2.0553122126E+004  7.7830886865E+013
  2.0572649034E+004  7.7876596109E+013
  2.0611786886E+004  7.7967824752E+013
  2.0631398645E+004  7.8013347433E+013
  2.0670709899E+004  7.8104218259E+013
  2.0690410230E+004  7.8149570155E+013
  2.0729902416E+004  7.8240117013E+013
  2.0769519481E+004  7.8330469280E+013
  2.0789375919E+004  7.8375577229E+013
  2.0829186765E+004  7.8465626235E+013
  2.0849142041E+004  7.8510566184E+013
  2.0889154467E+004  7.8600283204E+013
  2.0909212483E+004  7.8645063124E+013
  2.0949434286E+004  7.8739278702E+013
  2.0969598931E+004  7.8790364656E+013
  2.1010037846E+004  7.8892429333E+013
  2.1030312961E+004  7.8943408343E+013
  2.1050625743E+004  7.8994352033E+013
  2.1091365957E+004  7.9096134414E+013
  2.1111794209E+004  7.9146973732E+013
  2.1152769014E+004  7.9248550685E+013
  2.1173316356E+004  7.9299291004E+013
  2.1214532850E+004  7.9400706389E+013
  2.1235202757E+004  7.9451389491E+013
  2.1276667722E+004  7.9552715955E+013
  2.1297463493E+004  7.9603362589E+013
  2.1339183337E+004  7.9704630880E+013
  2.1360108074E+004  7.9755244547E+013
  2.1381076450E+004  7.9805838652E+013
  2.1423145352E+004  7.9906972285E+013
  2.1444246471E+004  7.9957514017E+013
  2.1486583458E+004  8.0058552917E+013
  2.1507819860E+004  8.0109052418E+013
  2.1550429736E+004  8.0210017716E+013
  2.1571803683E+004  8.0260486172E+013
  2.1593223930E+004  8.0310947051E+013
  2.1636204148E+004  8.0411852204E+013
  2.1657764501E+004  8.0462299745E+013
  2.1701026563E+004  8.0563193589E+013
  2.1722728585E+004  8.0613643704E+013
  2.1744469630E+004  8.0664078995E+013
  2.1788035392E+004  8.0764836115E+013
  2.1809861021E+004  8.0815164777E+013
  2.1853600110E+004  8.0915741480E+013
  2.1875514525E+004  8.0970104978E+013
  2.1897459499E+004  8.1025352420E+013
  2.1941443097E+004  8.1135700778E+013
  2.1963482719E+004  8.1190803980E+013
  2.1985554895E+004  8.1245861528E+013
  2.2029798945E+004  8.1355845173E+013
  2.2051971846E+004  8.1410774257E+013
  2.2074179351E+004  8.1465663664E+013
  2.2118700244E+004  8.1575330461E+013
  2.2141014670E+004  8.1630111594E+013
  2.2163365775E+004  8.1684860822E+013
  2.2208180091E+004  8.1794275400E+013
  2.2230644337E+004  8.1848945628E+013
  2.2253147328E+004  8.1903594708E+013
  2.2298271589E+004  8.2012840897E+013
  2.2320893873E+004  8.2067443925E+013
  2.2343556931E+004  8.2122037645E+013
  2.2389007353E+004  8.2231200359E+013
  2.2411795700E+004  8.2285761663E+013
  2.2434626781E+004  8.2340310159E+013
  2.2480419054E+004  8.2449373891E+013
  2.2503381180E+004  8.2503891673E+013
  2.2526387913E+004  8.2558404129E+013
  2.2572536991E+004  8.2667451405E+013
  2.2595680216E+004  8.2721990987E+013
  2.2618869803E+004  8.2776543644E+013
  2.2665389732E+004  8.2885695846E+013
  2.2688720887E+004  8.2940299403E+013
  2.2712100029E+004  8.2994923934E+013
  2.2735527541E+004  8.3049571420E+013
  2.2782529163E+004  8.3158943108E+013
  2.2806103994E+004  8.3213671207E+013
  2.2829728633E+004  8.3272855027E+013
  2.2877128671E+004  8.3391779367E+013
  2.2900904710E+004  8.3451239404E+013
  2.2924731839E+004  8.3510698260E+013
  2.2948610352E+004  8.3570156489E+013
  2.2996522657E+004  8.3689073209E+013
  2.3020556988E+004  8.3748532816E+013
  2.3044643777E+004  8.3807994952E+013
  2.3068783269E+004  8.3867460685E+013
  2.3117195804E+004  8.3986343366E+013
  2.3141467134E+004  8.4045758464E+013
  2.3165782617E+004  8.4105170166E+013
  2.3190142828E+004  8.4164582656E+013
  2.3214548341E+004  8.4223998242E+013
  2.3263497532E+004  8.4342847910E+013
  2.3288042323E+004  8.4402286575E+013
  2.3312634642E+004  8.4461737509E+013
  2.3337275026E+004  8.4521200811E+013
  2.3386685561E+004  8.4640123330E+013
  2.3411439416E+004  8.4699543193E+013
  2.3436226060E+004  8.4758936297E+013
  2.3461045999E+004  8.4818303702E+013
  2.3485899751E+004  8.4877646423E+013
  2.3535710826E+004  8.4996261558E+013
  2.3560669248E+004  8.5055535683E+013
  2.3585663677E+004  8.5114788542E+013
  2.3610694689E+004  8.5174020818E+013
  2.3635762870E+004  8.5233233124E+013
  2.3686013135E+004  8.5351599923E+013
  2.3711196434E+004  8.5410755281E+013
  2.3736419334E+004  8.5469898277E+013
  2.3761682462E+004  8.5529040387E+013
  2.3786986447E+004  8.5589545351E+013
  2.3837719544E+004  8.5715667928E+013
  2.3863149940E+004  8.5778711285E+013
  2.3888623761E+004  8.5841745244E+013
  2.3914141657E+004  8.5904771511E+013
  2.3939704277E+004  8.5967791704E+013
  2.3990966288E+004  8.6093819853E+013
  2.4016666975E+004  8.6156830561E+013
  2.4042414979E+004  8.6219840692E+013
  2.4068210941E+004  8.6282851374E+013
  2.4094055502E+004  8.6345863630E+013
  2.4119949296E+004  8.6408878379E+013
  2.4171887094E+004  8.6534918549E+013
  2.4197932338E+004  8.6597945464E+013
  2.4224029294E+004  8.6660982126E+013
  2.4250178562E+004  8.6724031183E+013
  2.4276380736E+004  8.6787092980E+013
  2.4302636397E+004  8.6850177732E+013
  2.4328946120E+004  8.6913293197E+013
  2.4381729983E+004  8.7039618359E+013
  2.4408205213E+004  8.7102828775E+013
  2.4434736683E+004  8.7166071341E+013
  2.4461324904E+004  8.7229346087E+013
  2.4487970377E+004  8.7292652912E+013
  2.4514673589E+004  8.7355991587E+013
  2.4541435011E+004  8.7419361767E+013
  2.4568244969E+004  8.7482739594E+013
  2.4621999285E+004  8.7609487837E+013
  2.4648943990E+004  8.7672855935E+013
  2.4675933961E+004  8.7736218320E+013
  2.4702969369E+004  8.7799573630E+013
  2.4730050390E+004  8.7862920422E+013
  2.4757177195E+004  8.7926257142E+013
  2.4784349959E+004  8.7992624953E+013
  2.4811568852E+004  8.8059530283E+013
  2.4838834046E+004  8.8126430185E+013
  2.4893504021E+004  8.8260235465E+013
  2.4920909141E+004  8.8327140360E+013
  2.4948361242E+004  8.8394046309E+013
  2.4975860490E+004  8.8460952875E+013
  2.5003407054E+004  8.8527859533E+013
  2.5031001100E+004  8.8594765670E+013
  2.5058642793E+004  8.8661670577E+013
  2.5086332298E+004  8.8728573452E+013
  2.5114069779E+004  8.8795473416E+013
  2.5141854835E+004  8.8862368150E+013
  2.5169687136E+004  8.8929255427E+013
  2.5225493765E+004  8.9063006424E+013
  2.5253468228E+004  8.9129869012E+013
  2.5281490210E+004  8.9196721649E+013
  2.5309559771E+004  8.9263562601E+013
  2.5337676971E+004  8.9330392060E+013
  2.5365841867E+004  8.9397222861E+013
  2.5394054513E+004  8.9464056420E+013
  2.5422314963E+004  8.9530891257E+013
  2.5450623269E+004  8.9597725788E+013
  2.5478979482E+004  8.9664558329E+013
  2.5507383651E+004  8.9731387092E+013
  2.5535835828E+004  8.9798210203E+013
  2.5564336060E+004  8.9865025696E+013
  2.5592884398E+004  8.9931831512E+013
  2.5621480892E+004  8.9998625499E+013
  2.5650125591E+004  9.0065405416E+013
  2.5678818549E+004  9.0132168923E+013
  2.5736349451E+004  9.0265636849E+013
  2.5765187506E+004  9.0333978443E+013
  2.5794074041E+004  9.0404187073E+013
  2.5823009117E+004  9.0474380017E+013
  2.5851992798E+004  9.0544565905E+013
  2.5881025152E+004  9.0614752536E+013
  2.5910106247E+004  9.0684939066E+013
  2.5939236158E+004  9.0755124900E+013
  2.5968414963E+004  9.0825308744E+013
  2.5997642744E+004  9.0895489215E+013
  2.6026919585E+004  9.0965664847E+013
  2.6056245579E+004  9.1035834091E+013
  2.6085620820E+004  9.1105995450E+013
  2.6115045409E+004  9.1176149486E+013
  2.6144519451E+004  9.1246295138E+013
  2.6174043057E+004  9.1316430429E+013
  2.6203616342E+004  9.1386553281E+013
  2.6233239429E+004  9.1456661517E+013
  2.6262912445E+004  9.1526752861E+013
  2.6292635524E+004  9.1596824949E+013
  2.6322408803E+004  9.1666879430E+013
  2.6352232429E+004  9.1736929606E+013
  2.6382106551E+004  9.1806975075E+013
  2.6412031327E+004  9.1877013877E+013
  2.6442006920E+004  9.1947043968E+013
  2.6472033498E+004  9.2017063201E+013
  2.6502111236E+004  9.2087069330E+013
  2.6532240316E+004  9.2157060331E+013
  2.6562420923E+004  9.2227034374E+013
  2.6592653250E+004  9.2296988867E+013
  2.6622937494E+004  9.2366921097E+013
  2.6653273861E+004  9.2436828242E+013
  2.6683662557E+004  9.2506707373E+013
  2.6714103799E+004  9.2576555449E+013
  2.6744597805E+004  9.2646607772E+013
  2.6775144799E+004  9.2719456967E+013
  2.6805745010E+004  9.2792303144E+013
  2.6836398674E+004  9.2865153140E+013
  2.6867106026E+004  9.2938005518E+013
  2.6897867310E+004  9.3010858760E+013
  2.6928682771E+004  9.3083712025E+013
  2.6959552659E+004  9.3156566413E+013
  2.6990477228E+004  9.3229420315E+013
  2.7021456733E+004  9.3302271745E+013
  2.7052491433E+004  9.3375118604E+013
  2.7083581591E+004  9.3447958676E+013
  2.7114727469E+004  9.3520789729E+013
  2.7145929335E+004  9.3593610040E+013
  2.7177187455E+004  9.3666417134E+013
  2.7208502100E+004  9.3739208254E+013
  2.7239873538E+004  9.3811981868E+013
  2.7271302043E+004  9.3884748085E+013
  2.7302787885E+004  9.3957508416E+013
  2.7334331337E+004  9.4030261401E+013
  2.7365932672E+004  9.4103005536E+013
  2.7397592161E+004  9.4175739252E+013
  2.7429310076E+004  9.4248460911E+013
  2.7461086688E+004  9.4321168801E+013
  2.7492922268E+004  9.4393861139E+013
  2.7524817083E+004  9.4466536066E+013
  2.7556771402E+004  9.4539191646E+013
  2.7588785489E+004  9.4611825863E+013
  2.7620859610E+004  9.4684436626E+013
  2.7652994026E+004  9.4757021760E+013
  2.7685188996E+004  9.4829580155E+013
  2.7717444778E+004  9.4902121790E+013
  2.7749761626E+004  9.4977179014E+013
  2.7782139793E+004  9.5053846872E+013
  2.7814579528E+004  9.5130535370E+013
  2.7847081076E+004  9.5207243196E+013
  2.7879644682E+004  9.5283968968E+013
  2.7912270585E+004  9.5360711237E+013
  2.7944959022E+004  9.5437468481E+013
  2.7977710228E+004  9.5514239103E+013
  2.8010524433E+004  9.5591021427E+013
  2.8043401864E+004  9.5667813693E+013
  2.8076342746E+004  9.5744614059E+013
  2.8109347299E+004  9.5821420616E+013
  2.8142415742E+004  9.5898234234E+013
  2.8175548289E+004  9.5975055741E+013
  2.8208745153E+004  9.6051884324E+013
  2.8242006541E+004  9.6128719478E+013
  2.8275332660E+004  9.6205561154E+013
  2.8308723713E+004  9.6282408572E+013
  2.8342179900E+004  9.6359260899E+013
  2.8375701421E+004  9.6436117294E+013
  2.8409288469E+004  9.6512976903E+013
  2.8442941240E+004  9.6589840507E+013
  2.8476659925E+004  9.6666710792E+013
  2.8510444713E+004  9.6743586933E+013
  2.8544295793E+004  9.6820467969E+013
  2.8578213352E+004  9.6897352924E+013
  2.8612197575E+004  9.6974240724E+013
  2.8646248646E+004  9.7051130312E+013
  2.8680366750E+004  9.7128020651E+013
  2.8714552069E+004  9.7204910949E+013
  2.8748804786E+004  9.7284614019E+013
  2.8783125084E+004  9.7364720159E+013
  2.8817513145E+004  9.7444841377E+013
  2.8851969152E+004  9.7524976701E+013
  2.8886493287E+004  9.7605125159E+013
  2.8921085736E+004  9.7685285776E+013
  2.8955746683E+004  9.7765457575E+013
  2.8990476312E+004  9.7845639576E+013
  2.9025274813E+004  9.7925830734E+013
  2.9060142372E+004  9.8006029986E+013
  2.9095079179E+004  9.8086236296E+013
  2.9130085428E+004  9.8166449729E+013
  2.9165161310E+004  9.8246673603E+013
  2.9200307021E+004  9.8326907285E+013
  2.9235522760E+004  9.8407149686E+013
  2.9270808725E+004  9.8487399747E+013
  2.9306165119E+004  9.8567657175E+013
  2.9341592147E+004  9.8647921166E+013
  2.9377090016E+004  9.8728190547E+013
  2.9412658934E+004  9.8808464137E+013
  2.9448299114E+004  9.8888740702E+013
  2.9484010770E+004  9.8969019002E+013
  2.9519794118E+004  9.9049297817E+013
  2.9555649380E+004  9.9129575931E+013
  2.9591576775E+004  9.9209852132E+013
  2.9627576528E+004  9.9290125207E+013
  2.9663648865E+004  9.9370395843E+013
  2.9699794015E+004  9.9450664770E+013
  2.9736012207E+004  9.9532952409E+013
  2.9772303675E+004  9.9616150805E+013
  2.9808668652E+004  9.9699361285E+013
  2.9845107374E+004  9.9782585610E+013
  2.9881620077E+004  9.9865822509E+013
  2.9918207000E+004  9.9949070716E+013
  2.9954868381E+004  1.0003232896E+014
  2.9991604460E+004  1.0011559598E+014
  3.0028415476E+004  1.0019887049E+014
  3.0065301671E+004  1.0028215084E+014
  3.0102263303E+004  1.0036543616E+014
  3.0139300613E+004  1.0044872518E+014
  3.0176413839E+004  1.0053201657E+014
  3.0213603219E+004  1.0061530901E+014
  3.0250868989E+004  1.0069860113E+014
  3.0288211384E+004  1.0078189228E+014
  3.0325630635E+004  1.0086518162E+014
  3.0363126974E+004  1.0094846767E+014
  3.0400700627E+004  1.0103174893E+014
  3.0438351818E+004  1.0111502776E+014
  3.0476080769E+004  1.0119830613E+014
  3.0513887697E+004  1.0128158308E+014
  3.0551772815E+004  1.0136485997E+014
  3.0589736331E+004  1.0144813563E+014
  3.0627778449E+004  1.0153140846E+014
  3.0665899368E+004  1.0161467685E+014
  3.0704099282E+004  1.0169793915E+014
  3.0742378378E+004  1.0178516872E+014
  3.0780736837E+004  1.0187245267E+014
  3.0819174836E+004  1.0195974614E+014
  3.0857692543E+004  1.0204704747E+014
  3.0896290120E+004  1.0213435494E+014
  3.0934967723E+004  1.0222166682E+014
  3.0973725498E+004  1.0230898136E+014
  3.1012563587E+004  1.0239629687E+014
  3.1051482122E+004  1.0248361637E+014
  3.1090481228E+004  1.0257094071E+014
  3.1129561021E+004  1.0265826793E+014
  3.1168721610E+004  1.0274559602E+014
  3.1207963097E+004  1.0283292309E+014
  3.1247280169E+004  1.0292023622E+014
  3.1286667645E+004  1.0300752190E+014
  3.1326125683E+004  1.0309477881E+014
  3.1365654442E+004  1.0318200822E+014
  3.1405254089E+004  1.0326920886E+014
  3.1444924794E+004  1.0335637897E+014
  3.1484666731E+004  1.0344351682E+014
  3.1524480081E+004  1.0353062067E+014
  3.1564365029E+004  1.0361768881E+014
  3.1604321763E+004  1.0370471993E+014
  3.1644350477E+004  1.0379171848E+014
  3.1684451370E+004  1.0387868541E+014
  3.1724624645E+004  1.0396768366E+014
  3.1764870511E+004  1.0405757108E+014
  3.1805189179E+004  1.0414743417E+014
  3.1845580867E+004  1.0423727737E+014
  3.1886045795E+004  1.0432710366E+014
  3.1926584191E+004  1.0441691107E+014
  3.1967196284E+004  1.0450669765E+014
  3.2007882310E+004  1.0459646140E+014
  3.2048642509E+004  1.0468620038E+014
  3.2089477123E+004  1.0477591290E+014
  3.2130386402E+004  1.0486560084E+014
  3.2171370598E+004  1.0495526469E+014
  3.2212429969E+004  1.0504490897E+014
  3.2253564775E+004  1.0513453370E+014
  3.2294775281E+004  1.0522413684E+014
  3.2336061759E+004  1.0531371636E+014
  3.2377424481E+004  1.0540327017E+014
  3.2418863725E+004  1.0549279625E+014
  3.2460379773E+004  1.0558229250E+014
  3.2501972912E+004  1.0567175688E+014
  3.2543643430E+004  1.0576118735E+014
  3.2585391622E+004  1.0585058300E+014
  3.2627217785E+004  1.0593994231E+014
  3.2669122220E+004  1.0602926317E+014
  3.2711105231E+004  1.0612049845E+014
  3.2753167126E+004  1.0621314559E+014
  3.2795308217E+004  1.0630577518E+014
  3.2837528818E+004  1.0639838873E+014
  3.2879829247E+004  1.0649098707E+014
  3.2922209825E+004  1.0658356819E+014
  3.2964670875E+004  1.0667612992E+014
  3.3007212724E+004  1.0676867064E+014
  3.3049835700E+004  1.0686118892E+014
  3.3092540136E+004  1.0695368260E+014
  3.3135326365E+004  1.0704614954E+014
  3.3178194723E+004  1.0713858756E+014
  3.3221145548E+004  1.0723099445E+014
  3.3264179180E+004  1.0732336917E+014
  3.3307295960E+004  1.0741571701E+014
  3.3350496232E+004  1.0750803688E+014
  3.3393780339E+004  1.0760032636E+014
  3.3437148627E+004  1.0769258336E+014
  3.3480601442E+004  1.0778480582E+014
  3.3524139131E+004  1.0787699185E+014
  3.3567762043E+004  1.0796914288E+014
  3.3611470524E+004  1.0806125731E+014
  3.3655264924E+004  1.0815333281E+014
  3.3699145589E+004  1.0824743034E+014
  3.3743112869E+004  1.0834310217E+014
  3.3787167110E+004  1.0843875463E+014
  3.3831308660E+004  1.0853439285E+014
  3.3875537864E+004  1.0863001565E+014
  3.3919855067E+004  1.0872562046E+014
  3.3964260613E+004  1.0882120467E+014
  3.4008754844E+004  1.0891676559E+014
  3.4053338102E+004  1.0901230051E+014
  3.4098010724E+004  1.0910780666E+014
  3.4142773048E+004  1.0920328123E+014
  3.4187625409E+004  1.0929872166E+014
  3.4232568140E+004  1.0939412897E+014
  3.4277601571E+004  1.0948950166E+014
  3.4322726028E+004  1.0958484306E+014
  3.4367941839E+004  1.0968015527E+014
  3.4413249323E+004  1.0977543529E+014
  3.4458648802E+004  1.0987068006E+014
  3.4504140589E+004  1.0996588646E+014
  3.4549725000E+004  1.1006105132E+014
  3.4595402342E+004  1.1015617285E+014
  3.4641172923E+004  1.1025125701E+014
  3.4687037046E+004  1.1034841634E+014
  3.4732995009E+004  1.1044663481E+014
  3.4779047109E+004  1.1056514105E+014
  3.4825193638E+004  1.1066354291E+014
  3.4871429216E+004  1.1076189673E+014
  3.4917752737E+004  1.1086020372E+014
  3.4964164574E+004  1.1095846172E+014
  3.5010665104E+004  1.1105666812E+014
  3.5057254708E+004  1.1115482006E+014
  3.5103933769E+004  1.1125291446E+014
  3.5150702674E+004  1.1135094806E+014
  3.5197561815E+004  1.1144891747E+014
  3.5244511583E+004  1.1154681917E+014
  3.5291552375E+004  1.1164465156E+014
  3.5338684586E+004  1.1174241996E+014
  3.5385908616E+004  1.1184012151E+014
  3.5433224864E+004  1.1193775247E+014
  3.5480633730E+004  1.1203532119E+014
  3.5528135616E+004  1.1213283211E+014
  3.5575730925E+004  1.1223028085E+014
  3.5623420056E+004  1.1232766291E+014
  3.5671203413E+004  1.1242641525E+014
  3.5719081397E+004  1.1252724333E+014
  3.5767054408E+004  1.1262801227E+014
  3.5815122846E+004  1.1272872694E+014
  3.5863287111E+004  1.1282938468E+014
  3.5911547600E+004  1.1292998091E+014
  3.5959904710E+004  1.1303051101E+014
  3.6008358837E+004  1.1313097027E+014
  3.6056910373E+004  1.1323135427E+014
  3.6105559710E+004  1.1333166306E+014
  3.6154307240E+004  1.1343189360E+014
  3.6203153349E+004  1.1353204125E+014
  3.6252098424E+004  1.1363210614E+014
  3.6301142850E+004  1.1373210590E+014
  3.6350287008E+004  1.1383203862E+014
  3.6399531280E+004  1.1393189864E+014
  3.6448876042E+004  1.1403168020E+014
  3.6498321670E+004  1.1413137747E+014
  3.6547868540E+004  1.1423098452E+014
  3.6597517021E+004  1.1433049539E+014
  3.6647267485E+004  1.1443281205E+014
  3.6697120298E+004  1.1453671916E+014
  3.6747075826E+004  1.1464055979E+014
  3.6797134433E+004  1.1474433179E+014
  3.6847296480E+004  1.1484802963E+014
  3.6897562328E+004  1.1495164768E+014
  3.6947932335E+004  1.1505518028E+014
  3.6998406858E+004  1.1515862168E+014
  3.7048986250E+004  1.1526197474E+014
  3.7099670866E+004  1.1536524437E+014
  3.7150461058E+004  1.1546842433E+014
  3.7201357176E+004  1.1557151698E+014
  3.7252359569E+004  1.1567452442E+014
  3.7303468586E+004  1.1577744305E+014
  3.7354684573E+004  1.1588026603E+014
  3.7406007877E+004  1.1598298645E+014
  3.7457438842E+004  1.1608561944E+014
  3.7508977813E+004  1.1618824487E+014
  3.7560625133E+004  1.1629086317E+014
  3.7612381144E+004  1.1639737016E+014
  3.7664246189E+004  1.1650404585E+014
  3.7716220608E+004  1.1661072377E+014
  3.7768304744E+004  1.1671739881E+014
  3.7820498936E+004  1.1682408380E+014
  3.7872803525E+004  1.1693077332E+014
  3.7925218850E+004  1.1703745763E+014
  3.7977745250E+004  1.1714412690E+014
  3.8030383065E+004  1.1725077115E+014
  3.8083132634E+004  1.1735738558E+014
  3.8135994295E+004  1.1746396912E+014
  3.8188968388E+004  1.1757051147E+014
  3.8242055250E+004  1.1767700200E+014
  3.8295255220E+004  1.1778342999E+014
  3.8348568637E+004  1.1788978920E+014
  3.8401995838E+004  1.1799609219E+014
  3.8455537161E+004  1.1810233802E+014
  3.8509192946E+004  1.1820878110E+014
  3.8562963528E+004  1.1831892130E+014
  3.8616849247E+004  1.1842903460E+014
  3.8670850440E+004  1.1853910946E+014
  3.8724967445E+004  1.1864913417E+014
  3.8779200600E+004  1.1875909689E+014
  3.8833550241E+004  1.1886898570E+014
  3.8888016707E+004  1.1897879373E+014
  3.8942600334E+004  1.1908851498E+014
  3.8997301460E+004  1.1919814903E+014
  3.9052120421E+004  1.1930768533E+014
  3.9107057555E+004  1.1941711140E+014
  3.9162113197E+004  1.1952642017E+014
  3.9217287685E+004  1.1963561849E+014
  3.9272581355E+004  1.1974469922E+014
  3.9327994542E+004  1.1985367113E+014
  3.9383527584E+004  1.1996252839E+014
  3.9439180814E+004  1.2007127569E+014
  3.9494954570E+004  1.2018356898E+014
  3.9550849187E+004  1.2029588840E+014
  3.9606864999E+004  1.2040808619E+014
  3.9663002343E+004  1.2052014836E+014
  3.9719261553E+004  1.2063206080E+014
  3.9775642964E+004  1.2074380932E+014
  3.9832146912E+004  1.2085539681E+014
  3.9888773731E+004  1.2096683295E+014
  3.9945523757E+004  1.2107811144E+014
  4.0002397325E+004  1.2118921956E+014
  4.0059394769E+004  1.2130014237E+014
  4.0116516465E+004  1.2141086585E+014
  4.0173762748E+004  1.2152139312E+014
  4.0231133951E+004  1.2163172524E+014
  4.0288630408E+004  1.2174185270E+014
  4.0346252452E+004  1.2185176162E+014
  4.0404000416E+004  1.2196505818E+014
  4.0461874630E+004  1.2207867638E+014
  4.0519875428E+004  1.2219210149E+014
  4.0578003142E+004  1.2230531910E+014
  4.0636258103E+004  1.2241831369E+014
  4.0694640643E+004  1.2253107176E+014
  4.0753151095E+004  1.2264357890E+014
  4.0811789792E+004  1.2275582017E+014
  4.0870557067E+004  1.2286778055E+014
  4.0929453254E+004  1.2297945180E+014
  4.0988478687E+004  1.2309083183E+014
  4.1047633703E+004  1.2320192928E+014
  4.1106918639E+004  1.2331275138E+014
  4.1166333832E+004  1.2342329291E+014
  4.1225879622E+004  1.2353353653E+014
  4.1285556350E+004  1.2364813364E+014
  4.1345364359E+004  1.2376288015E+014
  4.1405303993E+004  1.2387732517E+014
  4.1465375599E+004  1.2399145910E+014
  4.1525579523E+004  1.2410526590E+014
  4.1585916117E+004  1.2421872934E+014
  4.1646385733E+004  1.2433183343E+014
  4.1706988726E+004  1.2444458347E+014
  4.1767725452E+004  1.2455697832E+014
  4.1828596271E+004  1.2466902632E+014
  4.1889601545E+004  1.2478071897E+014
  4.1950741637E+004  1.2489204421E+014
  4.2012016915E+004  1.2500298339E+014
  4.2073427748E+004  1.2511395167E+014
  4.2134974508E+004  1.2522795376E+014
  4.2196657569E+004  1.2534155090E+014
  4.2258477308E+004  1.2545473226E+014
  4.2320434105E+004  1.2556750711E+014
  4.2382528342E+004  1.2567986806E+014
  4.2444760404E+004  1.2579179948E+014
  4.2507130676E+004  1.2590328328E+014
  4.2569639550E+004  1.2601432483E+014
  4.2632287415E+004  1.2612491450E+014
  4.2695074665E+004  1.2623503256E+014
  4.2758001697E+004  1.2634465908E+014
  4.2821068909E+004  1.2645378296E+014
  4.2884276698E+004  1.2656422680E+014
  4.2947625468E+004  1.2667667886E+014
  4.3011115620E+004  1.2678864529E+014
  4.3074747560E+004  1.2690011297E+014
  4.3138521692E+004  1.2701106787E+014
  4.3202438425E+004  1.2712149605E+014
  4.3266498164E+004  1.2723140056E+014
  4.3330701321E+004  1.2734080002E+014
  4.3395048304E+004  1.2744969468E+014
  4.3459539522E+004  1.2755809882E+014
  4.3524175388E+004  1.2766599843E+014
  4.3588956311E+004  1.2777337778E+014
  4.3653882702E+004  1.2788411258E+014
  4.3718954973E+004  1.2799575964E+014
  4.3784173534E+004  1.2810690583E+014
  4.3849538796E+004  1.2821754080E+014
  4.3915051167E+004  1.2832765669E+014
  4.3980711059E+004  1.2843729855E+014
  4.4046518878E+004  1.2854646873E+014
  4.4112475033E+004  1.2865515205E+014
  4.4178579930E+004  1.2876333493E+014
  4.4244833976E+004  1.2887101421E+014
  4.4311237573E+004  1.2897817524E+014
  4.4377791126E+004  1.2908976858E+014
  4.4444495037E+004  1.2920174035E+014
  4.4511349705E+004  1.2931324083E+014
  4.4578355530E+004  1.2942426163E+014
  4.4645512908E+004  1.2953482253E+014
  4.4712822237E+004  1.2964492452E+014
  4.4780283909E+004  1.2975455231E+014
  4.4847895718E+004  1.2986368592E+014
  4.4915654986E+004  1.2997230429E+014
  4.4983561987E+004  1.3008039908E+014
  4.5051616996E+004  1.3019097067E+014
  4.5119820284E+004  1.3030301322E+014
  4.5188172120E+004  1.3041459200E+014
  4.5256672770E+004  1.3052571032E+014
  4.5325322502E+004  1.3063635675E+014
  4.5394121580E+004  1.3074650700E+014
  4.5463070268E+004  1.3085614491E+014
  4.5532168830E+004  1.3096529265E+014
  4.5601417528E+004  1.3107395841E+014
  4.5670816628E+004  1.3118212264E+014
  4.5740366392E+004  1.3129372782E+014
  4.5810067088E+004  1.3140541397E+014
  4.5879918981E+004  1.3151662394E+014
  4.5949922342E+004  1.3162735746E+014
  4.6020077442E+004  1.3173762539E+014
  4.6090349948E+004  1.3184737658E+014
  4.6160731651E+004  1.3195656335E+014
  4.6231222722E+004  1.3206516540E+014
  4.6301823332E+004  1.3217316358E+014
  4.6372533651E+004  1.3228351162E+014
  4.6443353851E+004  1.3239554939E+014
  4.6514284104E+004  1.3250706508E+014
  4.6585324581E+004  1.3261807067E+014
  4.6656475455E+004  1.3272854545E+014
  4.6727736899E+004  1.3283846754E+014
  4.6799109084E+004  1.3294782344E+014
  4.6870592185E+004  1.3305658616E+014
  4.6942186373E+004  1.3316472381E+014
  4.7013891824E+004  1.3327555568E+014
  4.7085708710E+004  1.3338809959E+014
  4.7157637206E+004  1.3350011547E+014
  4.7229677485E+004  1.3361159412E+014
  4.7301829724E+004  1.3372251896E+014
  4.7374094096E+004  1.3383286743E+014
  4.7446470777E+004  1.3394262058E+014
  4.7518959942E+004  1.3405179495E+014
  4.7591561767E+004  1.3416038470E+014
  4.7664276428E+004  1.3427281445E+014
  4.7737104101E+004  1.3438509885E+014
  4.7810044963E+004  1.3449681424E+014
  4.7883099191E+004  1.3460793723E+014
  4.7956266961E+004  1.3471846775E+014
  4.8029548451E+004  1.3482842308E+014
  4.8102943839E+004  1.3493779277E+014
  4.8176453303E+004  1.3504657934E+014
  4.8250077021E+004  1.3515701769E+014
  4.8323815171E+004  1.3526904688E+014
  4.8397667932E+004  1.3538046784E+014
  4.8471635483E+004  1.3549131377E+014
  4.8545718004E+004  1.3560156418E+014
  4.8619915673E+004  1.3571119401E+014
  4.8694228672E+004  1.3582025544E+014
  4.8768657180E+004  1.3592877365E+014
  4.8843201378E+004  1.3603845739E+014
  4.8917861446E+004  1.3615084893E+014
  4.8992637565E+004  1.3626264338E+014
  4.9067529917E+004  1.3637377148E+014
  4.9142538683E+004  1.3648420923E+014
  4.9217664045E+004  1.3659396972E+014
  4.9292906186E+004  1.3670304578E+014
  4.9368265287E+004  1.3681145347E+014
  4.9443741531E+004  1.3692152901E+014
  4.9519335102E+004  1.3703408489E+014
  4.9595046183E+004  1.3714594959E+014
  4.9670874957E+004  1.3725709980E+014
  4.9746821608E+004  1.3736755796E+014
  4.9822886320E+004  1.3747733903E+014
  4.9899069278E+004  1.3758641592E+014
  4.9975370666E+004  1.3769476317E+014
  5.0051790670E+004  1.3780657512E+014
  5.0128329475E+004  1.3791900346E+014
  5.0204987266E+004  1.3803072698E+014
  5.0281764230E+004  1.3814176056E+014
  5.0358660552E+004  1.3825209749E+014
  5.0435676419E+004  1.3836171043E+014
  5.0512812019E+004  1.3847056193E+014
  5.0590067537E+004  1.3858030456E+014
  5.0667443161E+004  1.3869271780E+014
  5.0744939079E+004  1.3880445314E+014
  5.0822555479E+004  1.3891545994E+014
  5.0900292549E+004  1.3902571360E+014
  5.0978150478E+004  1.3913519710E+014
  5.1056129454E+004  1.3924389387E+014
  5.1134229666E+004  1.3935249386E+014
  5.1212451305E+004  1.3946469399E+014
  5.1290794559E+004  1.3957617583E+014
  5.1369259618E+004  1.3968688164E+014
  5.1447846673E+004  1.3979677868E+014
  5.1526555915E+004  1.3990590983E+014
  5.1605387535E+004  1.4001426933E+014
  5.1684341722E+004  1.4012257499E+014
  5.1763418670E+004  1.4023434101E+014
  5.1842618570E+004  1.4034532698E+014
  5.1921941614E+004  1.4045552386E+014
  5.2001387995E+004  1.4056491701E+014
  5.2080957904E+004  1.4067352251E+014
  5.2160651536E+004  1.4078133183E+014
  5.2240469083E+004  1.4089008983E+014
  5.2320410740E+004  1.4100118063E+014
  5.2400476699E+004  1.4111149746E+014
  5.2480667156E+004  1.4122098094E+014
  5.2560982305E+004  1.4132963049E+014
  5.2641422340E+004  1.4143744720E+014
  5.2721987457E+004  1.4154443200E+014
  5.2802677851E+004  1.4165434820E+014
  5.2883493719E+004  1.4176456323E+014
  5.2964435255E+004  1.4187393309E+014
  5.3045502658E+004  1.4198242656E+014
  5.3126696122E+004  1.4209007639E+014
  5.3208015845E+004  1.4219689329E+014
  5.3289462025E+004  1.4230461681E+014
  5.3371034860E+004  1.4241457842E+014
  5.3452734546E+004  1.4252367615E+014
  5.3534561283E+004  1.4263191054E+014
  5.3616515268E+004  1.4273927696E+014
  5.3698596702E+004  1.4284576580E+014
  5.3780805782E+004  1.4295196979E+014
  5.3863142709E+004  1.4306146084E+014
  5.3945607682E+004  1.4317012178E+014
  5.4028200901E+004  1.4327788892E+014
  5.4110922568E+004  1.4338472246E+014
  5.4193772882E+004  1.4349062048E+014
  5.4276752044E+004  1.4359590502E+014
  5.4359860257E+004  1.4370480965E+014
  5.4443097721E+004  1.4381283174E+014
  5.4526464639E+004  1.4391990074E+014
  5.4609961214E+004  1.4402598661E+014
  5.4693587647E+004  1.4413115915E+014
  5.4777344142E+004  1.4423617072E+014
  5.4861230902E+004  1.4434430545E+014
  5.4945248130E+004  1.4445148426E+014
  5.5029396032E+004  1.4455767617E+014
  5.5113674810E+004  1.4466291926E+014
  5.5198084670E+004  1.4476721197E+014
  5.5282625816E+004  1.4487244179E+014
  5.5367298453E+004  1.4497955619E+014
  5.5452102788E+004  1.4508571350E+014
  5.5537039026E+004  1.4519086682E+014
  5.5622107373E+004  1.4529501829E+014
  5.5707308035E+004  1.4539814284E+014
  5.5792641221E+004  1.4550409068E+014
  5.5878107136E+004  1.4561005963E+014
  5.5963705988E+004  1.4571500192E+014
  5.6049437985E+004  1.4581890457E+014
  5.6135303335E+004  1.4592180000E+014
  5.6221302247E+004  1.4602521120E+014
  5.6307434929E+004  1.4613086105E+014
  5.6393701590E+004  1.4623545400E+014
  5.6480102440E+004  1.4633898519E+014
  5.6566637688E+004  1.4644149556E+014
  5.6653307545E+004  1.4654293098E+014
  5.6740112220E+004  1.4664799146E+014
  5.6827051926E+004  1.4675209827E+014
  5.6914126871E+004  1.4685512678E+014
  5.7001337269E+004  1.4695706261E+014
  5.7088683330E+004  1.4705787815E+014
  5.7176165267E+004  1.4716133556E+014
  5.7263783291E+004  1.4726487430E+014
  5.7351537617E+004  1.4736728206E+014
  5.7439428456E+004  1.4746856208E+014
  5.7527456022E+004  1.4756873766E+014
  5.7615620529E+004  1.4767111115E+014
  5.7703922190E+004  1.4777396865E+014
  5.7792361221E+004  1.4787563585E+014
  5.7880937836E+004  1.4797745074E+014
  5.7969652250E+004  1.4807683447E+014
  5.8058504678E+004  1.4817845615E+014
  5.8147495336E+004  1.4828046916E+014
  5.8236624440E+004  1.4838132274E+014
  5.8325892207E+004  1.4848102815E+014
  5.8415298853E+004  1.4857952986E+014
  5.8504844596E+004  1.4868101290E+014
  5.8594529653E+004  1.4878227550E+014
  5.8684354241E+004  1.4888233611E+014
  5.8774318579E+004  1.4898118230E+014
  5.8864422886E+004  1.4907911171E+014
  5.8954667379E+004  1.4918057928E+014
  5.9045052279E+004  1.4928082580E+014
  5.9135577805E+004  1.4937981652E+014
  5.9226244176E+004  1.4947760937E+014
  5.9317051613E+004  1.4957612878E+014
  5.9408000337E+004  1.4967638191E+014
  5.9499090568E+004  1.4977536629E+014
  5.9590322528E+004  1.4987313580E+014
  5.9681696438E+004  1.4996963219E+014
  5.9773212520E+004  1.5006895786E+014
  5.9864870997E+004  1.5016787979E+014
  5.9956672091E+004  1.5026555540E+014
  6.0048616025E+004  1.5036192777E+014
  6.0140703023E+004  1.5045871415E+014
  6.0232933309E+004  1.5055741683E+014
  6.0325307106E+004  1.5065482599E+014
  6.0417824640E+004  1.5075092058E+014
  6.0510486135E+004  1.5084570907E+014
  6.0603291816E+004  1.5094404836E+014
  6.0696241909E+004  1.5104120018E+014
  6.0789336640E+004  1.5113706385E+014
  6.0882576234E+004  1.5123158959E+014
  6.0975960919E+004  1.5132817699E+014
  6.1069490922E+004  1.5142516298E+014
  6.1163166469E+004  1.5152085253E+014
  6.1256987788E+004  1.5161515803E+014
  6.1350955108E+004  1.5171035768E+014
  6.1445068657E+004  1.5180719013E+014
  6.1539328664E+004  1.5190268312E+014
  6.1633735357E+004  1.5199675422E+014
  6.1728288966E+004  1.5209088975E+014
  6.1822989722E+004  1.5218729374E+014
  6.1917837854E+004  1.5228230592E+014
  6.2012833592E+004  1.5237591884E+014
  6.2107833592E+004  1.5246904101E+014
  6.2202833592E+004  1.5256478045E+014
  6.2297833592E+004  1.5265900110E+014
  6.2392833592E+004  1.5275166942E+014
  6.2487833592E+004  1.5284363353E+014
  6.2582833592E+004  1.5293844768E+014
  6.2677833592E+004  1.5303175975E+014
  6.2772833592E+004  1.5312347203E+014
  6.2867833592E+004  1.5321452414E+014
  6.2962833592E+004  1.5330828394E+014
  6.3057833592E+004  1.5340049254E+014
  6.3152833592E+004  1.5349108259E+014
  6.3247833592E+004  1.5358132713E+014
  6.3342833592E+004  1.5367395032E+014
  6.3437833592E+004  1.5376499109E+014
  6.3532833592E+004  1.5385446982E+014
  6.3627833592E+004  1.5394397431E+014
  6.3722833592E+004  1.5403538370E+014
  6.3817833592E+004  1.5412523638E+014
  6.3912833592E+004  1.5421350118E+014
  6.4007833592E+004  1.5430236404E+014
  6.4102833592E+004  1.5439257417E+014
  6.4197833592E+004  1.5448119619E+014
  6.4292833592E+004  1.5456821235E+014
  6.4387833592E+004  1.5465662068E+014
  6.4482833592E+004  1.5474552749E+014
  6.4577833592E+004  1.5483285957E+014
  6.4672833592E+004  1.5491862771E+014
  6.4767833592E+004  1.5500667114E+014
  6.4862833592E+004  1.5509428876E+014
  6.4957833592E+004  1.5518037095E+014
  6.5052833592E+004  1.5526480770E+014
  6.5147833592E+004  1.5535264109E+014
  6.5242833592E+004  1.5543904885E+014
  6.5337833592E+004  1.5552385215E+014
  6.5432833592E+004  1.5560817354E+014
  6.5527833592E+004  1.5569513985E+014
  6.5622833592E+004  1.5578053812E+014
  6.5717833592E+004  1.5586426321E+014
  6.5812833592E+004  1.5594903992E+014
  6.5907833592E+004  1.5603496400E+014
  6.6002833592E+004  1.5611925200E+014
  6.6097833592E+004  1.5620193012E+014
  6.6192833592E+004  1.5628715352E+014
  6.6287833592E+004  1.5637187172E+014
  6.6382833592E+004  1.5645499302E+014
  6.6477833592E+004  1.5653704229E+014
  6.6572833592E+004  1.5662211794E+014
  6.6667833592E+004  1.5670561065E+014
  6.6762833592E+004  1.5678747668E+014
  6.6857833592E+004  1.5687004264E+014
  6.6952833592E+004  1.5695390479E+014
  6.7047833592E+004  1.5703615873E+014
  6.7142833592E+004  1.5711674692E+014
  6.7237833592E+004  1.5719998510E+014
  6.7332833592E+004  1.5728259121E+014
  6.7427833592E+004  1.5736356372E+014
  6.7522833592E+004  1.5744391566E+014
  6.7617833592E+004  1.5752684873E+014
  6.7712833592E+004  1.5760817347E+014
  6.7807833592E+004  1.5768783855E+014
  6.7902833592E+004  1.5776896111E+014
  6.7997833592E+004  1.5785054483E+014
  6.8092833592E+004  1.5793048641E+014
  6.8187833592E+004  1.5800887832E+014
  6.8282833592E+004  1.5809068564E+014
  6.8377833592E+004  1.5817086755E+014
  6.8472833592E+004  1.5824937952E+014
  6.8567833592E+004  1.5832877855E+014
  6.8662833592E+004  1.5840944856E+014
  6.8757833592E+004  1.5848846613E+014
  6.8852833592E+004  1.5856584869E+014
  6.8947833592E+004  1.5864702134E+014
  6.9042833592E+004  1.5872700788E+014
  6.9137833592E+004  1.5880537987E+014
  6.9232833592E+004  1.5888432780E+014
  6.9327833592E+004  1.5896503069E+014
  6.9422833592E+004  1.5904413293E+014
  6.9517833592E+004  1.5912160564E+014
  6.9612833592E+004  1.5920159582E+014
  6.9707833592E+004  1.5928053809E+014
  6.9802833592E+004  1.5935786329E+014
  6.9897833592E+004  1.5943536813E+014
  6.9992833592E+004  1.5951419523E+014
  7.0087833592E+004  1.5959141766E+014
  7.0182833592E+004  1.5966688216E+014
  7.0277833592E+004  1.5974570006E+014
  7.0372833592E+004  1.5982345801E+014
  7.0467833592E+004  1.5989959289E+014
  7.0562833592E+004  1.5997646261E+014
  7.0657833592E+004  1.6005479923E+014
  7.0752833592E+004  1.6013153502E+014
  7.0847833592E+004  1.6020666029E+014
  7.0942833592E+004  1.6028504840E+014
  7.1037833592E+004  1.6036196720E+014
  7.1132833592E+004  1.6043729135E+014
  7.1227833592E+004  1.6051352728E+014
  7.1322833592E+004  1.6059043798E+014
  7.1417833592E+004  1.6066577173E+014
  7.1512833592E+004  1.6073993295E+014
  7.1607833592E+004  1.6081699446E+014
  7.1702833592E+004  1.6089249647E+014
  7.1797833592E+004  1.6096635426E+014
  7.1892833592E+004  1.6104222491E+014
  7.1987833592E+004  1.6111829435E+014
  7.2082833592E+004  1.6119274299E+014
  7.2177833592E+004  1.6126693831E+014
  7.2272833592E+004  1.6134348484E+014
  7.2367833592E+004  1.6141843570E+014
  7.2462833592E+004  1.6149177579E+014
  7.2557833592E+004  1.6156748315E+014
  7.2652833592E+004  1.6164231243E+014
  7.2747833592E+004  1.6171554162E+014
  7.2842833592E+004  1.6178919679E+014
  7.2937833592E+004  1.6186380618E+014
  7.3032833592E+004  1.6193683053E+014
  7.3127833592E+004  1.6200849603E+014
  7.3222833592E+004  1.6208341385E+014
  7.3317833592E+004  1.6215676323E+014
  7.3412833592E+004  1.6222846819E+014
  7.3507833592E+004  1.6230224741E+014
  7.3602833592E+004  1.6237623539E+014
  7.3697833592E+004  1.6244861111E+014
  7.3792833592E+004  1.6252096274E+014
  7.3887833592E+004  1.6259557123E+014
  7.3982833592E+004  1.6266859544E+014
  7.4077833592E+004  1.6273997987E+014
  7.4172833592E+004  1.6281469168E+014
  7.4267833592E+004  1.6288826262E+014
  7.4362833592E+004  1.6296020721E+014
  7.4457833592E+004  1.6303322046E+014
  7.4552833592E+004  1.6310687397E+014
  7.4647833592E+004  1.6317890312E+014
  7.4742833592E+004  1.6325010680E+014
  7.4837833592E+004  1.6332330900E+014
  7.4932833592E+004  1.6339488527E+014
  7.5027833592E+004  1.6346480070E+014
  7.5122833592E+004  1.6353698691E+014
  7.5217833592E+004  1.6360833284E+014
  7.5312833592E+004  1.6367804668E+014
  7.5407833592E+004  1.6374873974E+014
  7.5502833592E+004  1.6382071846E+014
  7.5597833592E+004  1.6389109511E+014
  7.5692833592E+004  1.6396052889E+014
  7.5787833592E+004  1.6403362404E+014
  7.5882833592E+004  1.6410512037E+014
  7.5977833592E+004  1.6417491708E+014
  7.6072833592E+004  1.6424737606E+014
  7.6167833592E+004  1.6431948441E+014
  7.6262833592E+004  1.6438988986E+014
  7.6357833592E+004  1.6446076922E+014
  7.6452833592E+004  1.6453287479E+014
  7.6547833592E+004  1.6460328878E+014
  7.6642833592E+004  1.6467244748E+014
  7.6737833592E+004  1.6474444141E+014
  7.6832833592E+004  1.6481477995E+014
  7.6927833592E+004  1.6488343301E+014
  7.7022833592E+004  1.6495420465E+014
  7.7117833592E+004  1.6502469066E+014
  7.7212833592E+004  1.6509349188E+014
  7.7307833592E+004  1.6516264001E+014
  7.7402833592E+004  1.6523336600E+014
  7.7497833592E+004  1.6530240933E+014
  7.7592833592E+004  1.6536997995E+014
  7.7687833592E+004  1.6544094288E+014
  7.7782833592E+004  1.6551022216E+014
  7.7877833592E+004  1.6557772980E+014
  7.7972833592E+004  1.6564762229E+014
  7.8067833592E+004  1.6571739533E+014
  7.8162833592E+004  1.6578545446E+014
  7.8257833592E+004  1.6585399486E+014
  7.8352833592E+004  1.6592442808E+014
  7.8447833592E+004  1.6599321674E+014
  7.8542833592E+004  1.6606045568E+014
  7.8637833592E+004  1.6613127205E+014
  7.8732833592E+004  1.6620044273E+014
  7.8827833592E+004  1.6626780239E+014
  7.8922833592E+004  1.6633702439E+014
  7.9017833592E+004  1.6640613851E+014
  7.9112833592E+004  1.6647343558E+014
  7.9207833592E+004  1.6654080389E+014
  7.9302833592E+004  1.6660979987E+014
  7.9397833592E+004  1.6667698231E+014
  7.9492833592E+004  1.6674250116E+014
  7.9587833592E+004  1.6681163591E+014
  7.9682833592E+004  1.6687900501E+014
  7.9777833592E+004  1.6694460126E+014
  7.9872833592E+004  1.6701218074E+014
  7.9967833592E+004  1.6707987721E+014
  8.0062833592E+004  1.6714581237E+014
  8.0157833592E+004  1.6721153326E+014
  8.0252833592E+004  1.6727938112E+014
  8.0347833592E+004  1.6734548082E+014
  8.0442833592E+004  1.6740964692E+014
  8.0537833592E+004  1.6747783079E+014
  8.0632833592E+004  1.6754437468E+014
  8.0727833592E+004  1.6760903534E+014
  8.0822833592E+004  1.6767572100E+014
  8.0917833592E+004  1.6774287976E+014
  8.1012833592E+004  1.6780821372E+014
  8.1107833592E+004  1.6787339810E+014
  8.1202833592E+004  1.6794118214E+014
  8.1297833592E+004  1.6800718329E+014
  8.1392833592E+004  1.6807131466E+014
  8.1487833592E+004  1.6813901532E+014
  8.1582833592E+004  1.6820541999E+014
  8.1677833592E+004  1.6826996848E+014
  8.1772833592E+004  1.6833580624E+014
  8.1867833592E+004  1.6840237562E+014
  8.1962833592E+004  1.6846709078E+014
  8.2057833592E+004  1.6853104826E+014
  8.2152833592E+004  1.6859779792E+014
  8.2247833592E+004  1.6866268752E+014
  8.2342833592E+004  1.6872568892E+014
  8.2437833592E+004  1.6879183953E+014
  8.2532833592E+004  1.6885712649E+014
  8.2627833592E+004  1.6892055084E+014
  8.2722833592E+004  1.6898487813E+014
  8.2817833592E+004  1.6905065594E+014
  8.2912833592E+004  1.6911458384E+014
  8.3007833592E+004  1.6917706927E+014
  8.3102833592E+004  1.6924326726E+014
  8.3197833592E+004  1.6930763511E+014
  8.3292833592E+004  1.6937003281E+014
  8.3387833592E+004  1.6943488575E+014
  8.3482833592E+004  1.6949975193E+014
  8.3577833592E+004  1.6956266250E+014
  8.3672833592E+004  1.6962571515E+014
  8.3767833592E+004  1.6969136315E+014
  8.3862833592E+004  1.6975512707E+014
  8.3957833592E+004  1.6981694559E+014
  8.4052833592E+004  1.6988309661E+014
  8.4147833592E+004  1.6994794724E+014
  8.4242833592E+004  1.7001086293E+014
  8.4337833592E+004  1.7007531347E+014
  8.4432833592E+004  1.7014118788E+014
  8.4527833592E+004  1.7020514299E+014
  8.4622833592E+004  1.7026784186E+014
  8.4717833592E+004  1.7033439130E+014
  8.4812833592E+004  1.7039903766E+014
  8.4907833592E+004  1.7046167644E+014
  8.5002833592E+004  1.7052687218E+014
  8.5097833592E+004  1.7059194113E+014
  8.5192833592E+004  1.7065506356E+014
  8.5287833592E+004  1.7071810838E+014
  8.5382833592E+004  1.7078357124E+014
  8.5477833592E+004  1.7084715144E+014
  8.5572833592E+004  1.7090874286E+014
  8.5667833592E+004  1.7097404048E+014
  8.5762833592E+004  1.7103827740E+014
  8.5857833592E+004  1.7110053571E+014
  8.5952833592E+004  1.7116376187E+014
  8.6047833592E+004  1.7122878309E+014
  8.6142833592E+004  1.7129183516E+014
  8.6237833592E+004  1.7135300304E+014
  8.6332833592E+004  1.7141876956E+014
  8.6400000000E+004  1.7146480715E+014
  1.3839283359E+005  2.1404594618E+014
  1.4703783359E+005  2.2224285815E+014
  1.5568283359E+005  2.3050337859E+014
  1.6432783359E+005  2.3876565937E+014
  1.7297283359E+005  2.4698428737E+014
  1.8161783359E+005  2.5511983128E+014
  1.9026283359E+005  2.6316598936E+014
  1.9890783359E+005  2.7107742078E+014
  2.0745783359E+005  2.7877579991E+014
  2.1610283359E+005  2.8642929129E+014
  2.2474783359E+005  2.9396988660E+014
  2.3339283359E+005  3.0139673717E+014
  2.4203783359E+005  3.0871544253E+014
  2.5068283359E+005  3.1594471590E+014
  2.5932783359E+005  3.2307912719E+014
  2.6797283359E+005  3.3012390049E+014
  2.7661783359E+005  3.3708620382E+014
  2.8526283359E+005  3.4397575928E+014
  2.9390783359E+005  3.5078790530E+014
  3.0255283359E+005  3.5754152343E+014
  3.1119783359E+005  3.6422176251E+014
  3.1984283359E+005  3.7083770295E+014
  3.2848783359E+005  3.7738024354E+014
  3.3713283359E+005  3.8386965137E+014
  3.4577783359E+005  3.9029149834E+014
  3.5442283359E+005  3.9666062086E+014
  3.6306783359E+005  4.0297764073E+014
  3.7161783359E+005  4.0918337173E+014
  3.8026283359E+005  4.1544242269E+014
  3.8890783359E+005  4.2166375306E+014
  3.9755283359E+005  4.2784750608E+014
  4.0619783359E+005  4.3400665987E+014
  4.1484283359E+005  4.4013679723E+014
  4.2348783359E+005  4.4624524385E+014
  4.3213283359E+005  4.5233957537E+014
  4.4077783359E+005  4.5842237405E+014
  4.4942283359E+005  4.6448503161E+014
  4.5806783359E+005  4.7053046328E+014
  4.6671283359E+005  4.7655947318E+014
  4.7535783359E+005  4.8257279445E+014
  4.8400283359E+005  4.8856736680E+014
  4.9264783359E+005  4.9454943386E+014
  5.0129283359E+005  5.0052443471E+014
  5.0993783359E+005  5.0648821861E+014
  5.1858283359E+005  5.1242510121E+014
  5.2722783359E+005  5.1833367740E+014
  5.3577783359E+005  5.2415080172E+014
  5.4442283359E+005  5.3001215958E+014
  5.5306783359E+005  5.3585211082E+014
  5.6171283359E+005  5.4166861714E+014
  5.7035783359E+005  5.4745727107E+014
  5.7900283359E+005  5.5321779849E+014
  5.8764783359E+005  5.5896202568E+014
  5.9629283359E+005  5.6469100307E+014
  6.0493783359E+005  5.7040053879E+014
  6.1358283359E+005  5.7608368020E+014
  6.2222783359E+005  5.8173506079E+014
  6.3087283359E+005  5.8735391043E+014
  6.3951783359E+005  5.9295144818E+014
  6.4816283359E+005  5.9852453181E+014
  6.5680783359E+005  6.0407504569E+014
  6.6545283359E+005  6.0960243542E+014
  6.7409783359E+005  6.1510109545E+014
  6.8274283359E+005  6.2057077199E+014
  6.9138783359E+005  6.2600912222E+014
  6.9993783359E+005  6.3136471611E+014
  7.0858283359E+005  6.3675843218E+014
  7.1722783359E+005  6.4213477656E+014
  7.2587283359E+005  6.4749374246E+014
  7.3451783359E+005  6.5282837997E+014
  7.4316283359E+005  6.5813673922E+014
  7.5180783359E+005  6.6342102758E+014
  7.6045283359E+005  6.6868179594E+014
  7.6909783359E+005  6.7391792901E+014
  7.7774283359E+005  6.7913428236E+014
  7.8638783359E+005  6.8433083988E+014
  7.9503283359E+005  6.8950919505E+014
  8.0367783359E+005  6.9466735584E+014
  8.1232283359E+005  6.9980322655E+014
  8.2096783359E+005  7.0491645500E+014
  8.2961283359E+005  7.1000949720E+014
