  5.4033701924E+002  5.8820656978E+004
  5.7030714468E+002  3.7626856109E+005
  6.0022318711E+002  6.0416383284E+005
  6.3026288445E+002  5.8375611584E+005
  6.6025780327E+002  4.0803818439E+005
  6.9031520978E+002  2.5741331349E+005
  7.2037427231E+002  3.2067445549E+005
  7.5049349334E+002  3.4159851522E+005
  7.8038287162E+002  3.3037854856E+005
  8.1049656497E+002  3.1118874831E+005
  8.4039223234E+002  2.9226701258E+005
  8.7039289203E+002  2.7539163743E+005
  9.0048505167E+002  2.6078531099E+005
  9.3034577972E+002  2.4830548196E+005
  9.6030863423E+002  2.3740254950E+005
  9.9046564256E+002  2.2774766784E+005
  1.0204585951E+003  2.1921173418E+005
  1.0504180633E+003  2.1156594583E+005
  1.0805733409E+003  2.0464710265E+005
  1.1103348008E+003  1.9844038505E+005
  1.1406211924E+003  1.9265942082E+005
  1.1704181830E+003  1.8742797344E+005
  1.2003922384E+003  1.8254360996E+005
  1.2306201402E+003  1.7794836697E+005
  1.2603641637E+003  1.7372722270E+005
  1.2905173672E+003  1.6973296363E+005
  1.3203892162E+003  1.6603050689E+005
  1.3503803528E+003  1.6253743294E+005
  1.3805302643E+003  1.5922774006E+005
  1.4104559574E+003  1.5612252068E+005
  1.4404821637E+003  1.5319002165E+005
  1.4705879738E+003  1.5038498427E+005
  1.5004019720E+003  1.4774509755E+005
  1.5307176531E+003  1.4519034992E+005
  1.5607583129E+003  1.4277788892E+005
  1.5904893599E+003  1.4049915990E+005
  1.6206923286E+003  1.3828898659E+005
  1.6505187472E+003  1.3619896444E+005
  1.6807762594E+003  1.3416241730E+005
  1.7106252309E+003  1.3222715659E+005
  1.7404939719E+003  1.3035777468E+005
  1.7708375183E+003  1.2852593021E+005
  1.8007762930E+003  1.2678397488E+005
  1.8307267079E+003  1.2510519054E+005
  1.8606620773E+003  1.2349006108E+005
  1.8905643134E+003  1.2194051861E+005
  1.9209019459E+003  1.2042515180E+005
  1.9507238750E+003  1.1898176605E+005
  1.9805033227E+003  1.1757804861E+005
  2.0107426011E+003  1.1618393970E+005
  2.0409499829E+003  1.1482365988E+005
  2.0705903579E+003  1.1352485911E+005
  2.1006628237E+003  1.1223836547E+005
  2.1306438875E+003  1.1098250651E+005
  2.1610622398E+003  1.0973144822E+005
  2.1908445244E+003  1.0852557093E+005
  2.2210675651E+003  1.0732681463E+005
  2.2506250462E+003  1.0618527266E+005
  2.2806242789E+003  1.0504873235E+005
  2.3110812745E+003  1.0390921384E+005
  2.3408360133E+003  1.0280285497E+005
  2.3710438080E+003  1.0168040244E+005
  2.4011123379E+003  1.0055886056E+005
  2.4310249595E+003  9.9447238019E+004
  2.4607615506E+003  9.8350916959E+004
  2.4909336064E+003  9.7246159125E+004
  2.5209058568E+003  9.6155206363E+004
  2.5506608299E+003  9.5077658824E+004
  2.5808437035E+003  9.3989447484E+004
  2.6107965422E+003  9.2913717094E+004
  2.6411817358E+003  9.1826949607E+004
  2.6713191901E+003  9.0755923494E+004
  2.7011890230E+003  8.9701985908E+004
  2.7307716916E+003  8.8666200853E+004
  2.7607669423E+003  8.7624654506E+004
  2.7911848010E+003  8.6577865437E+004
  2.8212951509E+003  8.5551459384E+004
  2.8510757378E+003  8.4546271478E+004
  2.8812632982E+003  8.3537086579E+004
  2.9110950157E+003  8.2540106916E+004
  2.9413274604E+003  8.1532028165E+004
  2.9711764085E+003  8.0544758682E+004
  3.0014173413E+003  7.9557778424E+004
  3.0312433883E+003  7.8601741100E+004
  3.0614490870E+003  7.5972173536E+004
  3.0912067379E+003  7.5110443089E+004
  3.1213325009E+003  7.4257075801E+004
  3.1509801500E+003  7.3437234583E+004
  3.1809882119E+003  7.2628717524E+004
  3.2113640495E+003  7.1832990238E+004
  3.2412313966E+003  7.1073551570E+004
  3.2714600731E+003  7.0328704824E+004
  3.3011521951E+003  6.9620838988E+004
  3.3311990858E+003  6.8926668123E+004
  3.3616093600E+003  6.8234813225E+004
  3.3914547351E+003  6.7567506325E+004
  3.4216620911E+003  6.6907171367E+004
  3.4512820030E+003  6.6277209589E+004
  3.4812646722E+003  6.5659736845E+004
  3.5116222434E+003  6.5057532250E+004
  3.5413688881E+003  6.4491830406E+004
  3.5714885376E+003  6.3945400662E+004
  3.6019911173E+003  6.3420720527E+004
  3.6318495147E+003  6.2936572622E+004
  3.6620817306E+003  6.2476883352E+004
  3.6916325491E+003  6.2050915026E+004
  3.7215439292E+003  6.1640330676E+004
  3.7518215249E+003  6.1244945925E+004
  3.7813701855E+003  6.0877915518E+004
  3.8112708953E+003  6.0524708444E+004
  3.8415305626E+003  6.0185176994E+004
  3.8721572048E+003  5.9859169480E+004
  3.9020048905E+003  5.9557875991E+004
  3.9322103470E+003  5.9268858010E+004
  3.9616003440E+003  5.9002431887E+004
  3.9913386387E+003  5.8747176192E+004
  4.0214338106E+003  5.8503030155E+004
  4.0518941087E+003  5.8270825700E+004
  4.0814867468E+003  5.8059828956E+004
  4.1114295779E+003  5.7860273623E+004
  4.1417288214E+003  5.7671936978E+004
  4.1723905779E+003  5.7494601864E+004
  4.2021206501E+003  5.7334780494E+004
  4.2321950048E+003  5.7184676562E+004
  4.2626196708E+003  5.7044097208E+004
  4.2920552747E+003  5.6918359564E+004
  4.3218233486E+003  5.6800977318E+004
  4.3519303220E+003  5.6691768511E+004
  4.3823829775E+003  5.6590545950E+004
  4.4117804137E+003  5.6501196692E+004
  4.4415057141E+003  5.6420170571E+004
  4.4715655225E+003  5.6353387550E+004
  4.5019666848E+003  5.6300344796E+004
  4.5327162268E+003  5.6259621151E+004
  4.5623319563E+003  5.6230942948E+004
  4.5922764584E+003  5.6210775928E+004
  4.6225560327E+003  5.6197729006E+004
  4.6516376848E+003  5.6190594836E+004
  4.6825885206E+003  5.6187112295E+004
  4.7123187757E+003  5.6186126516E+004
  4.7423725743E+003  5.6185871689E+004
  4.7727545529E+003  5.6184772970E+004
  4.8018441857E+003  5.6181463112E+004
  4.8328776412E+003  5.6173933059E+004
  4.8625917943E+003  5.6161557835E+004
  4.8926148644E+003  5.6149805598E+004
  4.9229501373E+003  5.6141620622E+004
  4.9518897944E+003  5.6136522491E+004
  4.9828418069E+003  5.6133197311E+004
  5.0123702896E+003  5.6131321535E+004
  5.0421896767E+003  5.6129969479E+004
  5.0723034667E+003  5.6128416481E+004
  5.1027153993E+003  5.6125896549E+004
  5.1334294627E+003  5.6121555761E+004
  5.1626165992E+003  5.6114992848E+004
  5.1920788353E+003  5.6105232531E+004
  5.2236882486E+003  5.6090461525E+004
  5.2537303625E+003  5.6071547012E+004
  5.2821558993E+003  5.6048626211E+004
  5.3127590593E+003  5.7378418428E+004
  5.3436583048E+003  5.7317402248E+004
  5.3728993294E+003  5.7253781004E+004
  5.4024084687E+003  5.7183963261E+004
  5.4321896371E+003  5.7107900268E+004
  5.4622467932E+003  5.7025534676E+004
  5.4925839225E+003  5.6936828045E+004
  5.5232050189E+003  5.6841770646E+004
  5.5541140666E+003  5.6739635707E+004
  5.5832257991E+003  5.6637686860E+004
  5.6125950046E+003  5.6529775202E+004
  5.6422248361E+003  5.6416339119E+004
  5.6742638422E+003  5.6289183082E+004
  5.7022788248E+003  5.6174708939E+004
  5.7327091481E+003  5.6047443555E+004
  5.7634124619E+003  5.5916505243E+004
  5.7943918745E+003  5.5782366733E+004
  5.8234084603E+003  5.5655356769E+004
  5.8526684472E+003  5.5526371990E+004
  5.8844545058E+003  5.5385686129E+004
  5.9142287728E+003  5.5253790439E+004
  5.9442551365E+003  5.5121056148E+004
  5.9745367144E+003  5.4987842707E+004
  6.0027183010E+003  5.4864758294E+004
  6.0335000665E+003  5.4726311733E+004
  6.0645471545E+003  5.4534560881E+004
  6.0934447887E+003  5.4356062177E+004
  6.1225748630E+003  5.4176263628E+004
  6.1543985042E+003  5.3980166279E+004
  6.1840233500E+003  5.3798074450E+004
  6.2138909402E+003  5.3615073651E+004
  6.2440047916E+003  5.3431284594E+004
  6.2743684833E+003  5.3246825891E+004
  6.3049856428E+003  5.3061814442E+004
  6.3332771646E+003  5.2891833700E+004
  6.3643903957E+003  5.2878890483E+004
  6.3931428672E+003  5.2699226001E+004
  6.4247657544E+003  5.2502414597E+004
  6.4539916518E+003  5.2321424522E+004
  6.4834483811E+003  5.2140066069E+004
  6.5131387926E+003  5.1958518474E+004
  6.5430657329E+003  5.1776947121E+004
  6.5732320460E+003  5.1595498997E+004
  6.6036405752E+003  5.1414302157E+004
  6.6342941663E+003  5.1233467012E+004
  6.6651956707E+003  5.1053086757E+004
  6.6935054867E+003  5.0889564809E+004
  6.7248882402E+003  5.0710256904E+004
  6.7536403374E+003  5.0547809184E+004
  6.7855149031E+003  5.0369775281E+004
  6.8147189709E+003  5.0208542006E+004
  6.8441417342E+003  5.0047461047E+004
  6.8737854760E+003  4.9886377322E+004
  6.9036525171E+003  4.9725362606E+004
  6.9337452212E+003  4.9564489777E+004
  6.9640659996E+003  4.9403832361E+004
  6.9946173151E+003  4.9243464092E+004
  7.0254016860E+003  4.9083458263E+004
  7.0533090109E+003  4.8939822230E+004
  7.0845433371E+003  4.8780700783E+004
  7.1160183607E+003  4.8622143402E+004
  7.1445539550E+003  4.8479977694E+004
  7.1732887979E+003  4.8338367194E+004
  7.2054526326E+003  4.8181727366E+004
  7.2346150245E+003  4.8041433494E+004
  7.2639832916E+003  4.7901829492E+004
  7.2935596338E+003  4.7762956015E+004
  7.3233462798E+003  4.7624849767E+004
  7.3533454837E+003  4.7487544527E+004
  7.3835595210E+003  4.7351072741E+004
  7.4139906850E+003  4.7215466236E+004
  7.4446412830E+003  4.7080756580E+004
  7.4755136329E+003  4.6946975340E+004
  7.5066100605E+003  4.6814075222E+004
  7.5344413279E+003  4.6696394516E+004
  7.5659673743E+003  4.6564457722E+004
  7.5941842272E+003  4.6447575803E+004
  7.6261482252E+003  4.6316521629E+004
  7.6547580755E+003  4.6200414871E+004
  7.6871683703E+003  4.6070226968E+004
  7.7161786453E+003  4.5954888393E+004
  7.7453799346E+003  4.5839911465E+004
  7.7747738968E+003  4.5725296247E+004
  7.8043621993E+003  4.5611042705E+004
  7.8341465204E+003  4.5497150939E+004
  7.8641285521E+003  4.5383621426E+004
  7.8943100035E+003  4.5270455218E+004
  7.9246926034E+003  4.5157654074E+004
  7.9552781037E+003  4.5045220561E+004
  7.9860682825E+003  4.4933158098E+004
  8.0170649477E+003  4.4821470840E+004
  8.0443578593E+003  4.4724054500E+004
  8.0757466757E+003  4.4613075967E+004
  8.1073473695E+003  4.4502474744E+004
  8.1351733155E+003  4.4406007505E+004
  8.1671765748E+003  4.4296111516E+004
  8.1953578638E+003  4.4200260379E+004
  8.2277708496E+003  4.4091067897E+004
  8.2563138865E+003  4.3995832357E+004
  8.2850280131E+003  4.3900841487E+004
  8.3180555675E+003  4.3792539354E+004
  8.3471413710E+003  4.3698008030E+004
  8.3764030522E+003  4.3603701174E+004
  8.4058422007E+003  4.3509625968E+004
  8.4354604379E+003  4.3415789954E+004
  8.4652594172E+003  4.3322200935E+004
  8.4952408229E+003  4.3228866713E+004
  8.5254063701E+003  4.3135794373E+004
  8.5557578031E+003  4.3042989936E+004
  8.5862968952E+003  4.2950458592E+004
  8.6170254463E+003  4.2858205057E+004
  8.6479452823E+003  4.2766233872E+004
  8.6746016473E+003  4.2687629629E+004
  8.7058816501E+003  4.2596195125E+004
  8.7373582786E+003  4.2505056670E+004
  8.7690334394E+003  4.2414219641E+004
  8.7963430494E+003  4.2336603607E+004
  8.8283920228E+003  4.2246341981E+004
  8.8560249108E+003  4.2169228132E+004
  8.8884544037E+003  4.2079562067E+004
  8.9164163436E+003  4.2002966233E+004
  8.9492331144E+003  4.1910160507E+004
  8.9775299126E+003  4.1823358281E+004
  9.0059832233E+003  4.1736710261E+004
  9.0393782205E+003  4.1635816779E+004
  9.0681748932E+003  4.1549505442E+004
  9.0971320005E+003  4.1463350899E+004
  9.1262507783E+003  4.1377387344E+004
  9.1555324602E+003  4.1291822592E+004
  9.1849782780E+003  4.1206657786E+004
  9.2195408225E+003  4.1107746587E+004
  9.2493464852E+003  4.1023300900E+004
  9.2793201733E+003  4.0939122163E+004
  9.3094631131E+003  4.0855172349E+004
  9.3397765310E+003  4.0771415578E+004
  9.3651688244E+003  4.0701741032E+004
  9.3957979748E+003  4.0618250338E+004
  9.4266010870E+003  4.0534859206E+004
  9.4575793973E+003  4.0451537150E+004
  9.4887341470E+003  4.0368255035E+004
  9.5200665846E+003  4.0284985053E+004
  9.5463135891E+003  4.0215583503E+004
  9.5779750577E+003  4.0132267789E+004
  9.6098177997E+003  4.0048892248E+004
  9.6364928190E+003  3.9979350192E+004
  9.6686712482E+003  3.9895805618E+004
  9.6956278358E+003  3.9826092309E+004
  9.7281463659E+003  3.9742307365E+004
  9.7608523013E+003  3.9658368589E+004
  9.7882513857E+003  3.9588297053E+004
  9.8157823552E+003  3.9518107871E+004
  9.8489947444E+003  3.9433714375E+004
  9.8768187167E+003  3.9363236626E+004
  9.9103851022E+003  3.9278467768E+004
  9.9385060926E+003  3.9207650984E+004
  9.9667634491E+003  3.9136661903E+004
  1.0000853497E+004  3.9051231306E+004
  1.0029413105E+004  3.8979822429E+004
  1.0058109951E+004  3.8908209399E+004
  1.0086945241E+004  3.8836352886E+004
  1.0115920399E+004  3.8764186491E+004
  1.0150877534E+004  3.8677231923E+004
  1.0180166438E+004  3.8604521356E+004
  1.0209601108E+004  3.8531623878E+004
  1.0239183733E+004  3.8458572716E+004
  1.0268916620E+004  3.8385398425E+004
  1.0298802167E+004  3.8312129770E+004
  1.0328842824E+004  3.8238796100E+004
  1.0359041066E+004  3.8165426387E+004
  1.0389399354E+004  3.8092047646E+004
  1.0419920107E+004  3.8018684701E+004
  1.0450605667E+004  3.7945360435E+004
  1.0481458276E+004  3.7872096152E+004
  1.0506262067E+004  3.7813541444E+004
  1.0537420608E+004  3.7740435125E+004
  1.0568751764E+004  3.7667442904E+004
  1.0600257235E+004  3.7594582906E+004
  1.0631938560E+004  3.7521872913E+004
  1.0657411178E+004  3.7463824703E+004
  1.0689412463E+004  3.7391428707E+004
  1.0721593177E+004  3.7319231156E+004
  1.0747467661E+004  3.7261627043E+004
  1.0779974007E+004  3.7189822282E+004
  1.0812662648E+004  3.7118251011E+004
  1.0838945475E+004  3.7061175429E+004
  1.0871964753E+004  3.6990078487E+004
  1.0898513445E+004  3.6933415533E+004
  1.0931866884E+004  3.6862877662E+004
  1.0958684500E+004  3.6806696544E+004
  1.0992376310E+004  3.6736803251E+004
  1.1019466589E+004  3.6681170661E+004
  1.1053501976E+004  3.6612002734E+004
  1.1080869544E+004  3.6556981194E+004
  1.1108362091E+004  3.6502250258E+004
  1.1142905352E+004  3.6434262422E+004
  1.1170683588E+004  3.6380178222E+004
  1.1198590969E+004  3.6326205861E+004
  1.1233658994E+004  3.6258889836E+004
  1.1261862271E+004  3.6205161658E+004
  1.1290199526E+004  3.6151546433E+004
  1.1318672314E+004  3.6098045160E+004
  1.1347282197E+004  3.6044658433E+004
  1.1383239703E+004  3.5978084937E+004
  1.1412163676E+004  3.5924951011E+004
  1.1441229656E+004  3.5867047133E+004
  1.1470439038E+004  3.5808288097E+004
  1.1499793138E+004  3.5749581776E+004
  1.1529293178E+004  3.5690929849E+004
  1.1558940274E+004  3.5632334629E+004
  1.1588735426E+004  3.5658822761E+004
  1.1618679515E+004  3.5597976195E+004
  1.1648773296E+004  3.5538058681E+004
  1.1679017404E+004  3.5478446422E+004
  1.1709412352E+004  3.5418987904E+004
  1.1739958541E+004  3.5359659321E+004
  1.1770656271E+004  3.5300466009E+004
  1.1801505751E+004  3.5241416732E+004
  1.1832507123E+004  3.5182518668E+004
  1.1863660471E+004  3.5123777557E+004
  1.1894965851E+004  3.5065189104E+004
  1.1918544685E+004  3.5021332014E+004
  1.1950116239E+004  3.4962960915E+004
  1.1981840001E+004  3.4904707632E+004
  1.2013716112E+004  3.4846573489E+004
  1.2045744794E+004  3.4788562436E+004
  1.2069866619E+004  3.4745138290E+004
  1.2102163143E+004  3.4687356985E+004
  1.2134613417E+004  3.4629716851E+004
  1.2159052427E+004  3.4586584214E+004
  1.2191773505E+004  3.4529210801E+004
  1.2224650595E+004  3.4472001782E+004
  1.2249411469E+004  3.4429208280E+004
  1.2282564394E+004  3.4372308449E+004
  1.2315876827E+004  3.4315597428E+004
  1.2340966766E+004  3.4273193231E+004
  1.2374562195E+004  3.4216801327E+004
  1.2399866390E+004  3.4174583701E+004
  1.2433750346E+004  3.4118423664E+004
  1.2459273178E+004  3.4076417496E+004
  1.2493451770E+004  3.4020579761E+004
  1.2519197988E+004  3.3978840198E+004
  1.2553677712E+004  3.3923382701E+004
  1.2579652273E+004  3.3881935798E+004
  1.2614439796E+004  3.3826871966E+004
  1.2640647707E+004  3.3785728013E+004
  1.2675749661E+004  3.3731083398E+004
  1.2702195826E+004  3.3690266971E+004
  1.2737618616E+004  3.3636077823E+004
  1.2764307715E+004  3.3595559491E+004
  1.2791102284E+004  3.3554956341E+004
  1.2826993774E+004  3.3500671530E+004
  1.2854037401E+004  3.3459861725E+004
  1.2881188969E+004  3.3418985912E+004
  1.2917560139E+004  3.3364410902E+004
  1.2944966174E+004  3.3323446582E+004
  1.2972482327E+004  3.3282473452E+004
  1.3000109209E+004  3.3241509364E+004
  1.3037118321E+004  3.3186935927E+004
  1.3065005867E+004  3.3146063582E+004
  1.3093006095E+004  3.3105261213E+004
  1.3121119587E+004  3.3064547311E+004
  1.3158781449E+004  3.3010351874E+004
  1.3187161531E+004  3.2969768744E+004
  1.3215656890E+004  3.2929277247E+004
  1.3244268169E+004  3.2888905887E+004
  1.3272996037E+004  3.2845126575E+004
  1.3301841193E+004  3.2800641578E+004
  1.3330804365E+004  3.2756288500E+004
  1.3359886316E+004  3.2712085366E+004
  1.3398848399E+004  3.2653410450E+004
  1.3428210655E+004  3.2609622142E+004
  1.3457694473E+004  3.2566037914E+004
  1.3487300757E+004  3.2522673027E+004
  1.3517030439E+004  3.2479542567E+004
  1.3546884476E+004  3.2436661507E+004
  1.3576863841E+004  3.2394044748E+004
  1.3606969525E+004  3.2351707153E+004
  1.3637202527E+004  3.2309663572E+004
  1.3667563846E+004  3.2267928844E+004
  1.3698054481E+004  3.2226494041E+004
  1.3728675418E+004  3.2185214053E+004
  1.3759427627E+004  3.2144107294E+004
  1.3790312055E+004  3.2103215999E+004
  1.3810975583E+004  3.2076091725E+004
  1.3842082396E+004  3.2035611486E+004
  1.3873323793E+004  3.1995371821E+004
  1.3904700586E+004  3.1955400287E+004
  1.3936213542E+004  3.1915728367E+004
  1.3967863377E+004  3.1876387040E+004
  1.3999650757E+004  3.1837406017E+004
  1.4020919063E+004  3.1811632950E+004
  1.4052937024E+004  3.1773315214E+004
  1.4085094056E+004  3.1735431517E+004
  1.4117390643E+004  3.1698007936E+004
  1.4149827228E+004  3.1661069885E+004
  1.4171529596E+004  3.1636726520E+004
  1.4204200393E+004  3.1600711778E+004
  1.4237012202E+004  3.1565402513E+004
  1.4269965361E+004  3.1530810924E+004
  1.4292012826E+004  3.1508147634E+004
  1.4325202304E+004  3.1474741784E+004
  1.4358534020E+004  3.1442030890E+004
  1.4392008325E+004  3.1409999028E+004
  1.4414403931E+004  3.1389013016E+004
  1.4448116747E+004  3.1358073117E+004
  1.4481973251E+004  3.1327750896E+004
  1.4504624323E+004  3.1307821519E+004
  1.4538721441E+004  3.1277549257E+004
  1.4561533452E+004  3.1253754494E+004
  1.4595872856E+004  3.1218248541E+004
  1.4630358573E+004  3.1182984742E+004
  1.4653430730E+004  3.1159615298E+004
  1.4688162125E+004  3.1124773089E+004
  1.4723042152E+004  3.1090182956E+004
  1.4746378578E+004  3.1067259936E+004
  1.4781508631E+004  3.1033074956E+004
  1.4805012773E+004  3.1010414022E+004
  1.4840396042E+004  3.0976609003E+004
  1.4864070138E+004  3.0954192300E+004
  1.4899710133E+004  3.0920739941E+004
  1.4923556616E+004  3.0898549375E+004
  1.4959457103E+004  3.0865423246E+004
  1.4983478550E+004  3.0843441897E+004
  1.5019643472E+004  3.0810618058E+004
  1.5043842547E+004  3.0788827667E+004
  1.5080275923E+004  3.0756250992E+004
  1.5104655305E+004  3.0734624668E+004
  1.5141361127E+004  3.0702358598E+004
  1.5165923441E+004  3.0680965304E+004
  1.5202905560E+004  3.0649021807E+004
  1.5227653300E+004  3.0627687365E+004
  1.5252475868E+004  3.0606311602E+004
  1.5289850788E+004  3.0574206879E+004
  1.5314861931E+004  3.0552788396E+004
  1.5352521213E+004  3.0520649073E+004
  1.5377722860E+004  3.0499219486E+004
  1.5403001180E+004  3.0477790047E+004
  1.5441062938E+004  3.0442242772E+004
  1.5466533937E+004  3.0417868303E+004
  1.5504885642E+004  3.0381251148E+004
  1.5530550483E+004  3.0356801643E+004
  1.5556293117E+004  3.0332321002E+004
  1.5595053181E+004  3.0295528365E+004
  1.5620990776E+004  3.0270937464E+004
  1.5647006506E+004  3.0246291793E+004
  1.5673100439E+004  3.0221593054E+004
  1.5712388088E+004  3.0184504452E+004
  1.5738677757E+004  3.0159770834E+004
  1.5765045797E+004  3.0135041102E+004
  1.5804744893E+004  3.0097975157E+004
  1.5831309044E+004  3.0073284848E+004
  1.5857951724E+004  3.0048497938E+004
  1.5884672993E+004  3.0023667412E+004
  1.5924902416E+004  2.9986472013E+004
  1.5951820516E+004  2.9961740813E+004
  1.5978817541E+004  2.9937072346E+004
  1.6005893634E+004  2.9912470460E+004
  1.6046656409E+004  2.9875697149E+004
  1.6073930987E+004  2.9851268974E+004
  1.6101285368E+004  2.9826904475E+004
  1.6128719839E+004  2.9802597945E+004
  1.6156234724E+004  2.9778348479E+004
  1.6183830388E+004  2.9754158260E+004
  1.6225376246E+004  2.9717993036E+004
  1.6253175731E+004  2.9693970676E+004
  1.6281057606E+004  2.9670025625E+004
  1.6309022433E+004  2.9646164498E+004
  1.6337070814E+004  2.9622394269E+004
  1.6365203397E+004  2.9597660025E+004
  1.6407561677E+004  2.9558279655E+004
  1.6435898480E+004  2.9531984188E+004
  1.6464283630E+004  2.9505626620E+004
  1.6492719140E+004  2.9479247839E+004
  1.6521207676E+004  2.9452866199E+004
  1.6549751991E+004  2.9426491511E+004
  1.6578354909E+004  2.9400129409E+004
  1.6607019318E+004  2.9373829756E+004
  1.6635748159E+004  2.9347638084E+004
  1.6664544413E+004  2.9321557409E+004
  1.6707871785E+004  2.9282634617E+004
  1.6736849777E+004  2.9256812753E+004
  1.6765905769E+004  2.9231089118E+004
  1.6795042781E+004  2.9205462049E+004
  1.6824263806E+004  2.9179930721E+004
  1.6853571804E+004  2.9154495114E+004
  1.6882969687E+004  2.9129155979E+004
  1.6912460308E+004  2.9103914792E+004
  1.6942046449E+004  2.9078773706E+004
  1.6971730816E+004  2.9053718902E+004
  1.7001516022E+004  2.9028663332E+004
  1.7031404583E+004  2.9003606776E+004
  1.7061398908E+004  2.8978557735E+004
  1.7091501291E+004  2.8953522916E+004
  1.7121713903E+004  2.8928509177E+004
  1.7152038789E+004  2.8903523720E+004
  1.7182477857E+004  2.8878574052E+004
  1.7213032880E+004  2.8853667946E+004
  1.7243705488E+004  2.8828828537E+004
  1.7274497169E+004  2.8804145680E+004
  1.7305409261E+004  2.8779244491E+004
  1.7336434993E+004  2.8752224337E+004
  1.7367546310E+004  2.8725327980E+004
  1.7398744188E+004  2.8698544012E+004
  1.7430031659E+004  2.8671861939E+004
  1.7445709934E+004  2.8658555784E+004
  1.7477137422E+004  2.8632009176E+004
  1.7508661946E+004  2.8605519732E+004
  1.7540286395E+004  2.8579035669E+004
  1.7572013595E+004  2.8552554898E+004
  1.7603846294E+004  2.8526083996E+004
  1.7635787159E+004  2.8499625802E+004
  1.7667838762E+004  2.8473180191E+004
  1.7700003572E+004  2.8446752540E+004
  1.7716129173E+004  2.8433547146E+004
  1.7748468189E+004  2.8407156634E+004
  1.7780926098E+004  2.8380797801E+004
  1.7813504963E+004  2.8354476347E+004
  1.7846206717E+004  2.8328206143E+004
  1.7879033159E+004  2.8302124219E+004
  1.7911975857E+004  2.8276253991E+004
  1.7928480170E+004  2.8263393734E+004
  1.7961549374E+004  2.8237809922E+004
  1.7994667700E+004  2.8212415528E+004
  1.8027832227E+004  2.8187163764E+004
  1.8061044698E+004  2.8162025276E+004
  1.8077669508E+004  2.8149496245E+004
  1.8110957573E+004  2.8124516677E+004
  1.8144298756E+004  2.8099640564E+004
  1.8177695445E+004  2.8074867391E+004
  1.8211150196E+004  2.8050197334E+004
  1.8227900188E+004  2.8036686417E+004
  1.8261447178E+004  2.8009445951E+004
  1.8295059308E+004  2.7982243126E+004
  1.8328739657E+004  2.7955081914E+004
  1.8362491424E+004  2.7927966348E+004
  1.8379395121E+004  2.7914426894E+004
  1.8413260253E+004  2.7887387243E+004
  1.8447205251E+004  2.7860571826E+004
  1.8481233634E+004  2.7834021927E+004
  1.8498274106E+004  2.7820812783E+004
  1.8532390944E+004  2.7794504496E+004
  1.8566556133E+004  2.7768319948E+004
  1.8600770422E+004  2.7742242913E+004
  1.8617896264E+004  2.7729241524E+004
  1.8652186015E+004  2.7703308227E+004
  1.8686527561E+004  2.7677459834E+004
  1.8720922319E+004  2.7651688645E+004
  1.8738140150E+004  2.7638830694E+004
  1.8772617818E+004  2.7613168505E+004
  1.8807153106E+004  2.7587576977E+004
  1.8841748120E+004  2.7562056053E+004
  1.8859068736E+004  2.7549322327E+004
  1.8893757710E+004  2.7523909295E+004
  1.8928512506E+004  2.7498567520E+004
  1.8963335880E+004  2.7473292638E+004
  1.8980774191E+004  2.7460773316E+004
  1.9015705964E+004  2.7435988823E+004
  1.9050713922E+004  2.7411440588E+004
  1.9068247497E+004  2.7399237116E+004
  1.9103375966E+004  2.7374950275E+004
  1.9138589116E+004  2.7348620510E+004
  1.9173890552E+004  2.7321718800E+004
  1.9191575529E+004  2.7308278224E+004
  1.9227016350E+004  2.7281413536E+004
  1.9262554842E+004  2.7254567377E+004
  1.9280361920E+004  2.7241150465E+004
  1.9316054172E+004  2.7214328355E+004
  1.9351853812E+004  2.7187521414E+004
  1.9369795128E+004  2.7174121174E+004
  1.9405763197E+004  2.7147316215E+004
  1.9441848429E+004  2.7120496364E+004
  1.9459936191E+004  2.7107078798E+004
  1.9496204393E+004  2.7074425684E+004
  1.9532599308E+004  2.7047915272E+004
  1.9550845440E+004  2.7034718185E+004
  1.9587437317E+004  2.7008385037E+004
  1.9624164953E+004  2.6982095509E+004
  1.9642580754E+004  2.6968960919E+004
  1.9679518397E+004  2.6942714426E+004
  1.9716583411E+004  2.6916508846E+004
  1.9735149750E+004  2.6903433212E+004
  1.9772352001E+004  2.6877337616E+004
  1.9790988697E+004  2.6864316205E+004
  1.9828335239E+004  2.6838317625E+004
  1.9865768941E+004  2.6812377720E+004
  1.9884511795E+004  2.6799432411E+004
  1.9922050241E+004  2.6773588237E+004
  1.9940846150E+004  2.6760688440E+004
  1.9978492190E+004  2.6734957626E+004
  2.0016211752E+004  2.6709586889E+004
  2.0035099594E+004  2.6696788089E+004
  2.0072932466E+004  2.6669174643E+004
  2.0091877941E+004  2.6655408470E+004
  2.0129828137E+004  2.6627939141E+004
  2.0167858978E+004  2.6600537064E+004
  2.0186905289E+004  2.6586855919E+004
  2.0225061059E+004  2.6559522345E+004
  2.0244171086E+004  2.6545868794E+004
  2.0282456906E+004  2.6518591826E+004
  2.0301633313E+004  2.6504968108E+004
  2.0340054710E+004  2.6477747561E+004
  2.0359300358E+004  2.6464149722E+004
  2.0397863247E+004  2.6436976864E+004
  2.0436523929E+004  2.6409830877E+004
  2.0455891843E+004  2.6396289820E+004
  2.0494704668E+004  2.6369402823E+004
  2.0514150338E+004  2.6356039103E+004
  2.0553122126E+004  2.6329433675E+004
  2.0572649034E+004  2.6316181745E+004
  2.0611786886E+004  2.6289757483E+004
  2.0631398645E+004  2.6276577105E+004
  2.0670709899E+004  2.6250263084E+004
  2.0690410230E+004  2.6237123890E+004
  2.0729902416E+004  2.6210869277E+004
  2.0769519481E+004  2.6184632675E+004
  2.0789375919E+004  2.6171516560E+004
  2.0829186765E+004  2.6145290227E+004
  2.0849142041E+004  2.6132183618E+004
  2.0889154467E+004  2.6105981640E+004
  2.0909212483E+004  2.6092884242E+004
  2.0949434286E+004  2.6065822406E+004
  2.0969598931E+004  2.6051552261E+004
  2.1010037846E+004  2.6023107221E+004
  2.1030312961E+004  2.6008922549E+004
  2.1050625743E+004  2.5994757946E+004
  2.1091365957E+004  2.5966476499E+004
  2.1111794209E+004  2.5952354255E+004
  2.1152769014E+004  2.5924134984E+004
  2.1173316356E+004  2.5910033607E+004
  2.1214532850E+004  2.5881834553E+004
  2.1235202757E+004  2.5867732643E+004
  2.1276667722E+004  2.5839515215E+004
  2.1297463493E+004  2.5825396532E+004
  2.1339183337E+004  2.5797132139E+004
  2.1360108074E+004  2.5782987529E+004
  2.1381076450E+004  2.5768868585E+004
  2.1423145352E+004  2.5740724894E+004
  2.1444246471E+004  2.5726692037E+004
  2.1486583458E+004  2.5698684406E+004
  2.1507819860E+004  2.5684702601E+004
  2.1550429736E+004  2.5656767707E+004
  2.1571803683E+004  2.5642809264E+004
  2.1593223930E+004  2.5628853615E+004
  2.1636204148E+004  2.5600942172E+004
  2.1657764501E+004  2.5586982511E+004
  2.1701026563E+004  2.5559046514E+004
  2.1722728585E+004  2.5545066634E+004
  2.1744469630E+004  2.5531081310E+004
  2.1788035392E+004  2.5503109109E+004
  2.1809861021E+004  2.5489136992E+004
  2.1853600110E+004  2.5461264341E+004
  2.1875514525E+004  2.5446541741E+004
  2.1897459499E+004  2.5431662397E+004
  2.1941443097E+004  2.5401999022E+004
  2.1963482719E+004  2.5387206195E+004
  2.1985554895E+004  2.5372434954E+004
  2.2029798945E+004  2.5342946554E+004
  2.2051971846E+004  2.5328224515E+004
  2.2074179351E+004  2.5313514142E+004
  2.2118700244E+004  2.5284118814E+004
  2.2141014670E+004  2.5269429098E+004
  2.2163365775E+004  2.5254741617E+004
  2.2208180091E+004  2.5225368363E+004
  2.2230644337E+004  2.5210695927E+004
  2.2253147328E+004  2.5196044113E+004
  2.2298271589E+004  2.5166795716E+004
  2.2320893873E+004  2.5152194448E+004
  2.2343556931E+004  2.5137604746E+004
  2.2389007353E+004  2.5108460478E+004
  2.2411795700E+004  2.5093915090E+004
  2.2434626781E+004  2.5079383072E+004
  2.2480419054E+004  2.5050344743E+004
  2.2503381180E+004  2.5035832481E+004
  2.2526387913E+004  2.5021320932E+004
  2.2572536991E+004  2.4992285532E+004
  2.2595680216E+004  2.4977756306E+004
  2.2618869803E+004  2.4963220754E+004
  2.2665389732E+004  2.4934160944E+004
  2.2688720887E+004  2.4919640244E+004
  2.2712100029E+004  2.4905123588E+004
  2.2735527541E+004  2.4890608631E+004
  2.2782529163E+004  2.4861573214E+004
  2.2806103994E+004  2.4847047169E+004
  2.2829728633E+004  2.4831729533E+004
  2.2877128671E+004  2.4801022656E+004
  2.2900904710E+004  2.4785693400E+004
  2.2924731839E+004  2.4770371690E+004
  2.2948610352E+004  2.4755054268E+004
  2.2996522657E+004  2.4724422945E+004
  2.3020556988E+004  2.4709110845E+004
  2.3044643777E+004  2.4693809398E+004
  2.3068783269E+004  2.4678521770E+004
  2.3117195804E+004  2.4648001742E+004
  2.3141467134E+004  2.4632767020E+004
  2.3165782617E+004  2.4617544202E+004
  2.3190142828E+004  2.4602329863E+004
  2.3214548341E+004  2.4587120363E+004
  2.3263497532E+004  2.4556701847E+004
  2.3288042323E+004  2.4541486633E+004
  2.3312634642E+004  2.4526263616E+004
  2.3337275026E+004  2.4511045703E+004
  2.3386685561E+004  2.4480642827E+004
  2.3411439416E+004  2.4465461009E+004
  2.3436226060E+004  2.4450297657E+004
  2.3461045999E+004  2.4435154989E+004
  2.3485899751E+004  2.4420032181E+004
  2.3535710826E+004  2.4389840101E+004
  2.3560669248E+004  2.4374766567E+004
  2.3585663677E+004  2.4359704909E+004
  2.3610694689E+004  2.4344652681E+004
  2.3635762870E+004  2.4329607445E+004
  2.3686013135E+004  2.4299528326E+004
  2.3711196434E+004  2.4284489778E+004
  2.3736419334E+004  2.4269448124E+004
  2.3761682462E+004  2.4254400281E+004
  2.3786986447E+004  2.4239142450E+004
  2.3837719544E+004  2.4207891770E+004
  2.3863149940E+004  2.4192299044E+004
  2.3888623761E+004  2.4176725438E+004
  2.3914141657E+004  2.4161169291E+004
  2.3939704277E+004  2.4145628165E+004
  2.3990966288E+004  2.4114581855E+004
  2.4016666975E+004  2.4099071930E+004
  2.4042414979E+004  2.4083567704E+004
  2.4068210941E+004  2.4068066879E+004
  2.4094055502E+004  2.4052567155E+004
  2.4119949296E+004  2.4037066457E+004
  2.4171887094E+004  2.4006063454E+004
  2.4197932338E+004  2.3990566260E+004
  2.4224029294E+004  2.3975076619E+004
  2.4250178562E+004  2.3959604449E+004
  2.4276380736E+004  2.3944148201E+004
  2.4302636397E+004  2.3928703603E+004
  2.4328946120E+004  2.3913267441E+004
  2.4381729983E+004  2.3882406725E+004
  2.4408205213E+004  2.3866977337E+004
  2.4434736683E+004  2.3851546034E+004
  2.4461324904E+004  2.3836110953E+004
  2.4487970377E+004  2.3820670685E+004
  2.4514673589E+004  2.3805225544E+004
  2.4541435011E+004  2.3789777996E+004
  2.4568244969E+004  2.3774336721E+004
  2.4621999285E+004  2.3743482465E+004
  2.4648943990E+004  2.3728068726E+004
  2.4675933961E+004  2.3712665400E+004
  2.4702969369E+004  2.3697280698E+004
  2.4730050390E+004  2.3681909129E+004
  2.4757177195E+004  2.3666551210E+004
  2.4784349959E+004  2.3650767147E+004
  2.4811568852E+004  2.3634917268E+004
  2.4838834046E+004  2.3619078210E+004
  2.4893504021E+004  2.3587425041E+004
  2.4920909141E+004  2.3571611591E+004
  2.4948361242E+004  2.3555808719E+004
  2.4975860490E+004  2.3540016644E+004
  2.5003407054E+004  2.3524235073E+004
  2.5031001100E+004  2.3508463267E+004
  2.5058642793E+004  2.3492700164E+004
  2.5086332298E+004  2.3476945116E+004
  2.5114069779E+004  2.3461203607E+004
  2.5141854835E+004  2.3445474947E+004
  2.5169687136E+004  2.3429758106E+004
  2.5225493765E+004  2.3398357290E+004
  2.5253468228E+004  2.3382675640E+004
  2.5281490210E+004  2.3367009113E+004
  2.5309559771E+004  2.3351358801E+004
  2.5337676971E+004  2.3335724837E+004
  2.5365841867E+004  2.3320104819E+004
  2.5394054513E+004  2.3304494399E+004
  2.5422314963E+004  2.3288890802E+004
  2.5450623269E+004  2.3273293618E+004
  2.5478979482E+004  2.3257701673E+004
  2.5507383651E+004  2.3242115896E+004
  2.5535835828E+004  2.3226539502E+004
  2.5564336060E+004  2.3210973221E+004
  2.5592884398E+004  2.3195418354E+004
  2.5621480892E+004  2.3179877419E+004
  2.5650125591E+004  2.3164351658E+004
  2.5678818549E+004  2.3148842071E+004
  2.5736349451E+004  2.3117871836E+004
  2.5765187506E+004  2.3102193340E+004
  2.5794074041E+004  2.3086281102E+004
  2.5823009117E+004  2.3070383585E+004
  2.5851992798E+004  2.3054498457E+004
  2.5881025152E+004  2.3038620008E+004
  2.5910106247E+004  2.3022746227E+004
  2.5939236158E+004  2.3006882061E+004
  2.5968414963E+004  2.2991030476E+004
  2.5997642744E+004  2.2975192646E+004
  2.6026919585E+004  2.2959369696E+004
  2.6056245579E+004  2.2943561800E+004
  2.6085620820E+004  2.2927768959E+004
  2.6115045409E+004  2.2911990476E+004
  2.6144519451E+004  2.2896225704E+004
  2.6174043057E+004  2.2880473872E+004
  2.6203616342E+004  2.2864734263E+004
  2.6233239429E+004  2.2849006642E+004
  2.6262912445E+004  2.2833291725E+004
  2.6292635524E+004  2.2817591336E+004
  2.6322408803E+004  2.2801908346E+004
  2.6352232429E+004  2.2786240968E+004
  2.6382106551E+004  2.2770581689E+004
  2.6412031327E+004  2.2754934174E+004
  2.6442006920E+004  2.2739298484E+004
  2.6472033498E+004  2.2723674883E+004
  2.6502111236E+004  2.2708063367E+004
  2.6532240316E+004  2.2692463464E+004
  2.6562420923E+004  2.2676875326E+004
  2.6592653250E+004  2.2661299591E+004
  2.6622937494E+004  2.2645737659E+004
  2.6653273861E+004  2.2630190608E+004
  2.6683662557E+004  2.2614659855E+004
  2.6714103799E+004  2.2599147447E+004
  2.6744597805E+004  2.2583624695E+004
  2.6775144799E+004  2.2567763506E+004
  2.6805745010E+004  2.2551919037E+004
  2.6836398674E+004  2.2536078864E+004
  2.6867106026E+004  2.2520244268E+004
  2.6897867310E+004  2.2504417449E+004
  2.6928682771E+004  2.2488599472E+004
  2.6959552659E+004  2.2472791775E+004
  2.6990477228E+004  2.2456995468E+004
  2.7021456733E+004  2.2441211352E+004
  2.7052491433E+004  2.2425439998E+004
  2.7083581591E+004  2.2409682584E+004
  2.7114727469E+004  2.2393940384E+004
  2.7145929335E+004  2.2378213642E+004
  2.7177187455E+004  2.2362502330E+004
  2.7208502100E+004  2.2346806695E+004
  2.7239873538E+004  2.2331125599E+004
  2.7271302043E+004  2.2315445160E+004
  2.7302787885E+004  2.2299769241E+004
  2.7334331337E+004  2.2284103406E+004
  2.7365932672E+004  2.2268448296E+004
  2.7397592161E+004  2.2252805766E+004
  2.7429310076E+004  2.2237175867E+004
  2.7461086688E+004  2.2221560128E+004
  2.7492922268E+004  2.2205959337E+004
  2.7524817083E+004  2.2190374496E+004
  2.7556771402E+004  2.2174806361E+004
  2.7588785489E+004  2.2159256407E+004
  2.7620859610E+004  2.2143725815E+004
  2.7652994026E+004  2.2128215702E+004
  2.7685188996E+004  2.2112722911E+004
  2.7717444778E+004  2.2097218334E+004
  2.7749761626E+004  2.2081414061E+004
  2.7782139793E+004  2.2065419615E+004
  2.7814579528E+004  2.2049432644E+004
  2.7847081076E+004  2.2033453535E+004
  2.7879644682E+004  2.2017484884E+004
  2.7912270585E+004  2.2001527847E+004
  2.7944959022E+004  2.1985584133E+004
  2.7977710228E+004  2.1969654728E+004
  2.8010524433E+004  2.1953740500E+004
  2.8043401864E+004  2.1937841932E+004
  2.8076342746E+004  2.1921959298E+004
  2.8109347299E+004  2.1906092487E+004
  2.8142415742E+004  2.1890215660E+004
  2.8175548289E+004  2.1874335116E+004
  2.8208745153E+004  2.1858461827E+004
  2.8242006541E+004  2.1842597724E+004
  2.8275332660E+004  2.1826745360E+004
  2.8308723713E+004  2.1810905911E+004
  2.8342179900E+004  2.1795080437E+004
  2.8375701421E+004  2.1779269475E+004
  2.8409288469E+004  2.1763473436E+004
  2.8442941240E+004  2.1747692432E+004
  2.8476659925E+004  2.1731926573E+004
  2.8510444713E+004  2.1716176683E+004
  2.8544295793E+004  2.1700441267E+004
  2.8578213352E+004  2.1684694976E+004
  2.8612197575E+004  2.1668953778E+004
  2.8646248646E+004  2.1653218479E+004
  2.8680366750E+004  2.1637493430E+004
  2.8714552069E+004  2.1621777867E+004
  2.8748804786E+004  2.1605733187E+004
  2.8783125084E+004  2.1589653249E+004
  2.8817513145E+004  2.1573586642E+004
  2.8851969152E+004  2.1557533952E+004
  2.8886493287E+004  2.1541496492E+004
  2.8921085736E+004  2.1525475211E+004
  2.8955746683E+004  2.1509470993E+004
  2.8990476312E+004  2.1493475687E+004
  2.9025274813E+004  2.1477480886E+004
  2.9060142372E+004  2.1461493403E+004
  2.9095079179E+004  2.1445513743E+004
  2.9130085428E+004  2.1429544263E+004
  2.9165161310E+004  2.1413585253E+004
  2.9200307021E+004  2.1397638035E+004
  2.9235522760E+004  2.1381703270E+004
  2.9270808725E+004  2.1365781896E+004
  2.9306165119E+004  2.1349874459E+004
  2.9341592147E+004  2.1333981472E+004
  2.9377090016E+004  2.1318103448E+004
  2.9412658934E+004  2.1302238052E+004
  2.9448299114E+004  2.1286373216E+004
  2.9484010770E+004  2.1270519491E+004
  2.9519794118E+004  2.1254673153E+004
  2.9555649380E+004  2.1238839082E+004
  2.9591576775E+004  2.1223015393E+004
  2.9627576528E+004  2.1207204978E+004
  2.9663648865E+004  2.1191406950E+004
  2.9699794015E+004  2.1175623228E+004
  2.9736012207E+004  2.1159619160E+004
  2.9772303675E+004  2.1143525919E+004
  2.9808668652E+004  2.1127447470E+004
  2.9845107374E+004  2.1111374305E+004
  2.9881620077E+004  2.1095308342E+004
  2.9918207000E+004  2.1079251057E+004
  2.9954868381E+004  2.1063203301E+004
  2.9991604460E+004  2.1047166483E+004
  3.0028415476E+004  2.1031141595E+004
  3.0065301671E+004  2.1015124513E+004
  3.0102263303E+004  2.0999121366E+004
  3.0139300613E+004  2.0983132969E+004
  3.0176413839E+004  2.0967159970E+004
  3.0213603219E+004  2.0951201269E+004
  3.0250868989E+004  2.0935249956E+004
  3.0288211384E+004  2.0919307323E+004
  3.0325630635E+004  2.0903375613E+004
  3.0363126974E+004  2.0887454929E+004
  3.0400700627E+004  2.0871547422E+004
  3.0438351818E+004  2.0855652703E+004
  3.0476080769E+004  2.0839771986E+004
  3.0513887697E+004  2.0823905171E+004
  3.0551772815E+004  2.0808053249E+004
  3.0589736331E+004  2.0792216358E+004
  3.0627778449E+004  2.0776391282E+004
  3.0665899368E+004  2.0760574870E+004
  3.0704099282E+004  2.0744769440E+004
  3.0742378378E+004  2.0728551252E+004
  3.0780736837E+004  2.0712340219E+004
  3.0819174836E+004  2.0696141378E+004
  3.0857692543E+004  2.0679955687E+004
  3.0896290120E+004  2.0663784105E+004
  3.0934967723E+004  2.0647627607E+004
  3.0973725498E+004  2.0631487041E+004
  3.1012563587E+004  2.0615360080E+004
  3.1051482122E+004  2.0599243221E+004
  3.1090481228E+004  2.0583137220E+004
  3.1129561021E+004  2.0567043102E+004
  3.1168721610E+004  2.0550961722E+004
  3.1207963097E+004  2.0534894032E+004
  3.1247280169E+004  2.0518842858E+004
  3.1286667645E+004  2.0502810796E+004
  3.1326125683E+004  2.0486798529E+004
  3.1365654442E+004  2.0470806395E+004
  3.1405254089E+004  2.0454832028E+004
  3.1444924794E+004  2.0438873390E+004
  3.1484666731E+004  2.0422931699E+004
  3.1524480081E+004  2.0407007654E+004
  3.1564365029E+004  2.0391101971E+004
  3.1604321763E+004  2.0375215422E+004
  3.1644350477E+004  2.0359348024E+004
  3.1684451370E+004  2.0343500416E+004
  3.1724624645E+004  2.0327454699E+004
  3.1764870511E+004  2.0311331738E+004
  3.1805189179E+004  2.0295225885E+004
  3.1845580867E+004  2.0279135769E+004
  3.1886045795E+004  2.0263061843E+004
  3.1926584191E+004  2.0247004696E+004
  3.1967196284E+004  2.0230965107E+004
  3.2007882310E+004  2.0214943994E+004
  3.2048642509E+004  2.0198942128E+004
  3.2089477123E+004  2.0182960323E+004
  3.2130386402E+004  2.0166998225E+004
  3.2171370598E+004  2.0151053574E+004
  3.2212429969E+004  2.0135124184E+004
  3.2253564775E+004  2.0119211035E+004
  3.2294775281E+004  2.0103314537E+004
  3.2336061759E+004  2.0087435329E+004
  3.2377424481E+004  2.0071574040E+004
  3.2418863725E+004  2.0055731276E+004
  3.2460379773E+004  2.0039907740E+004
  3.2501972912E+004  2.0024103516E+004
  3.2543643430E+004  2.0008317394E+004
  3.2585391622E+004  1.9992547955E+004
  3.2627217785E+004  1.9976795058E+004
  3.2669122220E+004  1.9961059966E+004
  3.2711105231E+004  1.9945147775E+004
  3.2753167126E+004  1.9929110504E+004
  3.2795308217E+004  1.9913091566E+004
  3.2837528818E+004  1.9897091379E+004
  3.2879829247E+004  1.9881109227E+004
  3.2922209825E+004  1.9865143762E+004
  3.2964670875E+004  1.9849194335E+004
  3.3007212724E+004  1.9833260467E+004
  3.3049835700E+004  1.9817342435E+004
  3.3092540136E+004  1.9801441886E+004
  3.3135326365E+004  1.9785559474E+004
  3.3178194723E+004  1.9769695973E+004
  3.3221145548E+004  1.9753851806E+004
  3.3264179180E+004  1.9738026304E+004
  3.3307295960E+004  1.9722217903E+004
  3.3350496232E+004  1.9706426376E+004
  3.3393780339E+004  1.9690652067E+004
  3.3437148627E+004  1.9674893452E+004
  3.3480601442E+004  1.9659151422E+004
  3.3524139131E+004  1.9643427675E+004
  3.3567762043E+004  1.9627722288E+004
  3.3611470524E+004  1.9612035421E+004
  3.3655264924E+004  1.9596366224E+004
  3.3699145589E+004  1.9580518768E+004
  3.3743112869E+004  1.9564536914E+004
  3.3787167110E+004  1.9548572480E+004
  3.3831308660E+004  1.9532625105E+004
  3.3875537864E+004  1.9516692827E+004
  3.3919855067E+004  1.9500778246E+004
  3.3964260613E+004  1.9484880691E+004
  3.4008754844E+004  1.9469000194E+004
  3.4053338102E+004  1.9453136160E+004
  3.4098010724E+004  1.9437289380E+004
  3.4142773048E+004  1.9421460195E+004
  3.4187625409E+004  1.9405649394E+004
  3.4232568140E+004  1.9389857215E+004
  3.4277601571E+004  1.9374082884E+004
  3.4322726028E+004  1.9358325882E+004
  3.4367941839E+004  1.9342585912E+004
  3.4413249323E+004  1.9326862437E+004
  3.4458648802E+004  1.9311155707E+004
  3.4504140589E+004  1.9295466208E+004
  3.4549725000E+004  1.9279794672E+004
  3.4595402342E+004  1.9264141723E+004
  3.4641172923E+004  1.9248507166E+004
  3.4687037046E+004  1.9232696737E+004
  3.4732995009E+004  1.9216803066E+004
  3.4779047109E+004  1.9199248936E+004
  3.4825193638E+004  1.9183372581E+004
  3.4871429216E+004  1.9167516694E+004
  3.4917752737E+004  1.9151681256E+004
  3.4964164574E+004  1.9135866472E+004
  3.5010665104E+004  1.9120072591E+004
  3.5057254708E+004  1.9104299359E+004
  3.5103933769E+004  1.9088546607E+004
  3.5150702674E+004  1.9072813625E+004
  3.5197561815E+004  1.9057101684E+004
  3.5244511583E+004  1.9041411107E+004
  3.5291552375E+004  1.9025742753E+004
  3.5338684586E+004  1.9010095992E+004
  3.5385908616E+004  1.8994470407E+004
  3.5433224864E+004  1.8978865157E+004
  3.5480633730E+004  1.8963279877E+004
  3.5528135616E+004  1.8947714051E+004
  3.5575730925E+004  1.8932167933E+004
  3.5623420056E+004  1.8916642803E+004
  3.5671203413E+004  1.8901013342E+004
  3.5719081397E+004  1.8885218681E+004
  3.5767054408E+004  1.8869445449E+004
  3.5815122846E+004  1.8853693085E+004
  3.5863287111E+004  1.8837961242E+004
  3.5911547600E+004  1.8822249645E+004
  3.5959904710E+004  1.8806558533E+004
  3.6008358837E+004  1.8790888847E+004
  3.6056910373E+004  1.8775240966E+004
  3.6105559710E+004  1.8759614765E+004
  3.6154307240E+004  1.8744010603E+004
  3.6203153349E+004  1.8728429055E+004
  3.6252098424E+004  1.8712870432E+004
  3.6301142850E+004  1.8697333141E+004
  3.6350287008E+004  1.8681815742E+004
  3.6399531280E+004  1.8666318096E+004
  3.6448876042E+004  1.8650841198E+004
  3.6498321670E+004  1.8635385432E+004
  3.6547868540E+004  1.8619951842E+004
  3.6597517021E+004  1.8604541165E+004
  3.6647267485E+004  1.8588914175E+004
  3.6697120298E+004  1.8573172326E+004
  3.6747075826E+004  1.8557452051E+004
  3.6797134433E+004  1.8541751943E+004
  3.6847296480E+004  1.8526071973E+004
  3.6897562328E+004  1.8510413307E+004
  3.6947932335E+004  1.8494776852E+004
  3.6998406858E+004  1.8479163361E+004
  3.7048986250E+004  1.8463572774E+004
  3.7099670866E+004  1.8448004340E+004
  3.7150461058E+004  1.8432458389E+004
  3.7201357176E+004  1.8416934934E+004
  3.7252359569E+004  1.8401432476E+004
  3.7303468586E+004  1.8385950780E+004
  3.7354684573E+004  1.8370491353E+004
  3.7406007877E+004  1.8355054542E+004
  3.7457438842E+004  1.8339639406E+004
  3.7508977813E+004  1.8324239736E+004
  3.7560625133E+004  1.8308855691E+004
  3.7612381144E+004  1.8293175210E+004
  3.7664246189E+004  1.8277497887E+004
  3.7716220608E+004  1.8261834529E+004
  3.7768304744E+004  1.8246185842E+004
  3.7820498936E+004  1.8230552076E+004
  3.7872803525E+004  1.8214933431E+004
  3.7925218850E+004  1.8199331255E+004
  3.7977745250E+004  1.8183746292E+004
  3.8030383065E+004  1.8168179564E+004
  3.8083132634E+004  1.8152631349E+004
  3.8135994295E+004  1.8137100091E+004
  3.8188968388E+004  1.8121584816E+004
  3.8242055250E+004  1.8106088337E+004
  3.8295255220E+004  1.8090611404E+004
  3.8348568637E+004  1.8075154743E+004
  3.8401995838E+004  1.8059717981E+004
  3.8455537161E+004  1.8044301053E+004
  3.8509192946E+004  1.8028884858E+004
  3.8562963528E+004  1.8013197128E+004
  3.8616849247E+004  1.7997523692E+004
  3.8670850440E+004  1.7981868619E+004
  3.8724967445E+004  1.7966232293E+004
  3.8779200600E+004  1.7950616446E+004
  3.8833550241E+004  1.7935022555E+004
  3.8888016707E+004  1.7919451198E+004
  3.8942600334E+004  1.7903903423E+004
  3.8997301460E+004  1.7888377320E+004
  3.9052120421E+004  1.7872868475E+004
  3.9107057555E+004  1.7857383696E+004
  3.9162113197E+004  1.7841921205E+004
  3.9217287685E+004  1.7826483190E+004
  3.9272581355E+004  1.7811069344E+004
  3.9327994542E+004  1.7795679827E+004
  3.9383527584E+004  1.7780314571E+004
  3.9439180814E+004  1.7764971396E+004
  3.9494954570E+004  1.7749370371E+004
  3.9550849187E+004  1.7733785029E+004
  3.9606864999E+004  1.7718221907E+004
  3.9663002343E+004  1.7702686553E+004
  3.9719261553E+004  1.7687176979E+004
  3.9775642964E+004  1.7671696811E+004
  3.9832146912E+004  1.7656235120E+004
  3.9888773731E+004  1.7640797706E+004
  3.9945523757E+004  1.7625387801E+004
  4.0002397325E+004  1.7610007162E+004
  4.0059394769E+004  1.7594646750E+004
  4.0116516465E+004  1.7579317708E+004
  4.0173762748E+004  1.7564020965E+004
  4.0231133951E+004  1.7548748487E+004
  4.0288630408E+004  1.7533492281E+004
  4.0346252452E+004  1.7518271786E+004
  4.0404000416E+004  1.7502812650E+004
  4.0461874630E+004  1.7487349841E+004
  4.0519875428E+004  1.7471917852E+004
  4.0578003142E+004  1.7456520236E+004
  4.0636258103E+004  1.7441152817E+004
  4.0694640643E+004  1.7425801440E+004
  4.0753151095E+004  1.7410489466E+004
  4.0811789792E+004  1.7395207795E+004
  4.0870557067E+004  1.7379967088E+004
  4.0929453254E+004  1.7364761137E+004
  4.0988478687E+004  1.7349596559E+004
  4.1047633703E+004  1.7334464397E+004
  4.1106918639E+004  1.7319353274E+004
  4.1166333832E+004  1.7304276712E+004
  4.1225879622E+004  1.7289231658E+004
  4.1285556350E+004  1.7273900982E+004
  4.1345364359E+004  1.7258576704E+004
  4.1405303993E+004  1.7243294492E+004
  4.1465375599E+004  1.7228049605E+004
  4.1525579523E+004  1.7212838242E+004
  4.1585916117E+004  1.7197661387E+004
  4.1646385733E+004  1.7182524821E+004
  4.1706988726E+004  1.7167426375E+004
  4.1767725452E+004  1.7152368719E+004
  4.1828596271E+004  1.7137350434E+004
  4.1889601545E+004  1.7122373094E+004
  4.1950741637E+004  1.7107430095E+004
  4.2012016915E+004  1.7092526033E+004
  4.2073427748E+004  1.7077632947E+004
  4.2134974508E+004  1.7062548874E+004
  4.2196657569E+004  1.7047508091E+004
  4.2258477308E+004  1.7032511294E+004
  4.2320434105E+004  1.7017557171E+004
  4.2382528342E+004  1.7002639625E+004
  4.2444760404E+004  1.6987767935E+004
  4.2507130676E+004  1.6972936755E+004
  4.2569639550E+004  1.6958152081E+004
  4.2632287415E+004  1.6943409174E+004
  4.2695074665E+004  1.6928715156E+004
  4.2758001697E+004  1.6914060188E+004
  4.2821068909E+004  1.6899454226E+004
  4.2884276698E+004  1.6884772000E+004
  4.2947625468E+004  1.6869975325E+004
  4.3011115620E+004  1.6855222985E+004
  4.3074747560E+004  1.6840520328E+004
  4.3138521692E+004  1.6825860857E+004
  4.3202438425E+004  1.6811248260E+004
  4.3266498164E+004  1.6796682248E+004
  4.3330701321E+004  1.6782163352E+004
  4.3395048304E+004  1.6767690487E+004
  4.3459539522E+004  1.6753263421E+004
  4.3524175388E+004  1.6738879569E+004
  4.3588956311E+004  1.6724539701E+004
  4.3653882702E+004  1.6710000331E+004
  4.3718954973E+004  1.6695417617E+004
  4.3784173534E+004  1.6680881891E+004
  4.3849538796E+004  1.6666392918E+004
  4.3915051167E+004  1.6651947591E+004
  4.3980711059E+004  1.6637543438E+004
  4.4046518878E+004  1.6623182563E+004
  4.4112475033E+004  1.6608865674E+004
  4.4178579930E+004  1.6594594922E+004
  4.4244833976E+004  1.6580369237E+004
  4.4311237573E+004  1.6566185841E+004
  4.4377791126E+004  1.6551739740E+004
  4.4444495037E+004  1.6537284830E+004
  4.4511349705E+004  1.6522872829E+004
  4.4578355530E+004  1.6508506312E+004
  4.4645512908E+004  1.6494182174E+004
  4.4712822237E+004  1.6479897967E+004
  4.4780283909E+004  1.6465653653E+004
  4.4847895718E+004  1.6451452844E+004
  4.4915654986E+004  1.6437296827E+004
  4.4983561987E+004  1.6423188223E+004
  4.5051616996E+004  1.6408942176E+004
  4.5119820284E+004  1.6394621566E+004
  4.5188172120E+004  1.6380341942E+004
  4.5256672770E+004  1.6366103724E+004
  4.5325322502E+004  1.6351908403E+004
  4.5394121580E+004  1.6337757071E+004
  4.5463070268E+004  1.6323648826E+004
  4.5532168830E+004  1.6309584159E+004
  4.5601417528E+004  1.6295561650E+004
  4.5670816628E+004  1.6281582089E+004
  4.5740366392E+004  1.6267412201E+004
  4.5810067088E+004  1.6253250212E+004
  4.5879918981E+004  1.6239129684E+004
  4.5949922342E+004  1.6225052452E+004
  4.6020077442E+004  1.6211016836E+004
  4.6090349948E+004  1.6197028991E+004
  4.6160731651E+004  1.6183091627E+004
  4.6231222722E+004  1.6169205436E+004
  4.6301823332E+004  1.6155372823E+004
  4.6372533651E+004  1.6141423268E+004
  4.6443353851E+004  1.6127395443E+004
  4.6514284104E+004  1.6113414033E+004
  4.6585324581E+004  1.6099480094E+004
  4.6656475455E+004  1.6085595629E+004
  4.6727736899E+004  1.6071762441E+004
  4.6799109084E+004  1.6057981292E+004
  4.6870592185E+004  1.6044250562E+004
  4.6942186373E+004  1.6030569898E+004
  4.7013891824E+004  1.6016755621E+004
  4.7085708710E+004  1.6002863989E+004
  4.7157637206E+004  1.5989023333E+004
  4.7229677485E+004  1.5975232040E+004
  4.7301829724E+004  1.5961486431E+004
  4.7374094096E+004  1.5947790469E+004
  4.7446470777E+004  1.5934146573E+004
  4.7518959942E+004  1.5920554851E+004
  4.7591561767E+004  1.5907014840E+004
  4.7664276428E+004  1.5893278477E+004
  4.7737104101E+004  1.5879564803E+004
  4.7810044963E+004  1.5865901741E+004
  4.7883099191E+004  1.5852290220E+004
  4.7956266961E+004  1.5838730389E+004
  4.8029548451E+004  1.5825221717E+004
  4.8102943839E+004  1.5811761234E+004
  4.8176453303E+004  1.5798348988E+004
  4.8250077021E+004  1.5784864196E+004
  4.8323815171E+004  1.5771309689E+004
  4.8397667932E+004  1.5757808200E+004
  4.8471635483E+004  1.5744357310E+004
  4.8545718004E+004  1.5730952827E+004
  4.8619915673E+004  1.5717601340E+004
  4.8694228672E+004  1.5704296022E+004
  4.8768657180E+004  1.5691040100E+004
  4.8843201378E+004  1.5677741092E+004
  4.8917861446E+004  1.5664311243E+004
  4.8992637565E+004  1.5650932893E+004
  4.9067529917E+004  1.5637606598E+004
  4.9142538683E+004  1.5624336784E+004
  4.9217664045E+004  1.5611122056E+004
  4.9292906186E+004  1.5597957576E+004
  4.9368265287E+004  1.5584845101E+004
  4.9443741531E+004  1.5571664588E+004
  4.9519335102E+004  1.5558372947E+004
  4.9595046183E+004  1.5545137478E+004
  4.9670874957E+004  1.5531952779E+004
  4.9746821608E+004  1.5518819667E+004
  4.9822886320E+004  1.5505743538E+004
  4.9899069278E+004  1.5492722393E+004
  4.9975370666E+004  1.5479759266E+004
  5.0051790670E+004  1.5466629652E+004
  5.0128329475E+004  1.5453468141E+004
  5.0204987266E+004  1.5440365086E+004
  5.0281764230E+004  1.5427316667E+004
  5.0358660552E+004  1.5414318862E+004
  5.0435676419E+004  1.5401372299E+004
  5.0512812019E+004  1.5388490983E+004
  5.0590067537E+004  1.5375585303E+004
  5.0667443161E+004  1.5362557394E+004
  5.0744939079E+004  1.5349566741E+004
  5.0822555479E+004  1.5336633379E+004
  5.0900292549E+004  1.5323763514E+004
  5.0978150478E+004  1.5310956972E+004
  5.1056129454E+004  1.5298217161E+004
  5.1134229666E+004  1.5285472138E+004
  5.1212451305E+004  1.5272568737E+004
  5.1290794559E+004  1.5259716311E+004
  5.1369259618E+004  1.5246934841E+004
  5.1447846673E+004  1.5234208669E+004
  5.1526555915E+004  1.5221519001E+004
  5.1605387535E+004  1.5208909854E+004
  5.1684341722E+004  1.5196309903E+004
  5.1763418670E+004  1.5183565719E+004
  5.1842618570E+004  1.5170848707E+004
  5.1921941614E+004  1.5158200523E+004
  5.2001387995E+004  1.5145613992E+004
  5.2080957904E+004  1.5133094777E+004
  5.2160651536E+004  1.5120635471E+004
  5.2240469083E+004  1.5108111703E+004
  5.2320410740E+004  1.5095510596E+004
  5.2400476699E+004  1.5082958114E+004
  5.2480667156E+004  1.5070489483E+004
  5.2560982305E+004  1.5058053631E+004
  5.2641422340E+004  1.5045683124E+004
  5.2721987457E+004  1.5033359399E+004
  5.2802677851E+004  1.5020927831E+004
  5.2883493719E+004  1.5008497079E+004
  5.2964435255E+004  1.4996119700E+004
  5.3045502658E+004  1.4983801133E+004
  5.3126696122E+004  1.4971539081E+004
  5.3208015845E+004  1.4959344726E+004
  5.3289462025E+004  1.4947114965E+004
  5.3371034860E+004  1.4934801754E+004
  5.3452734546E+004  1.4922540974E+004
  5.3534561283E+004  1.4910351237E+004
  5.3616515268E+004  1.4898212368E+004
  5.3698596702E+004  1.4886132037E+004
  5.3780805782E+004  1.4874074250E+004
  5.3863142709E+004  1.4861895936E+004
  5.3945607682E+004  1.4849772049E+004
  5.4028200901E+004  1.4837706660E+004
  5.4110922568E+004  1.4825693711E+004
  5.4193772882E+004  1.4813746185E+004
  5.4276752044E+004  1.4801844933E+004
  5.4359860257E+004  1.4789801842E+004
  5.4443097721E+004  1.4777809886E+004
  5.4526464639E+004  1.4765881333E+004
  5.4609961214E+004  1.4754015632E+004
  5.4693587647E+004  1.4742209303E+004
  5.4777344142E+004  1.4730421573E+004
  5.4861230902E+004  1.4718519569E+004
  5.4945248130E+004  1.4706677799E+004
  5.5029396032E+004  1.4694898448E+004
  5.5113674810E+004  1.4683173872E+004
  5.5198084670E+004  1.4671509988E+004
  5.5282625816E+004  1.4659823230E+004
  5.5367298453E+004  1.4648075518E+004
  5.5452102788E+004  1.4636385910E+004
  5.5537039026E+004  1.4624757963E+004
  5.5622107373E+004  1.4613189201E+004
  5.5707308035E+004  1.4601678209E+004
  5.5792641221E+004  1.4590071535E+004
  5.5878107136E+004  1.4578482057E+004
  5.5963705988E+004  1.4566953858E+004
  5.6049437985E+004  1.4555480170E+004
  5.6135303335E+004  1.4544072993E+004
  5.6221302247E+004  1.4532659947E+004
  5.6307434929E+004  1.4521176691E+004
  5.6393701590E+004  1.4509745445E+004
  5.6480102440E+004  1.4498385806E+004
  5.6566637688E+004  1.4487080387E+004
  5.6653307545E+004  1.4475837070E+004
  5.6740112220E+004  1.4464458758E+004
  5.6827051926E+004  1.4453149160E+004
  5.6914126871E+004  1.4441895962E+004
  5.7001337269E+004  1.4430701925E+004
  5.7088683330E+004  1.4419562537E+004
  5.7176165267E+004  1.4408351052E+004
  5.7263783291E+004  1.4397151071E+004
  5.7351537617E+004  1.4386008408E+004
  5.7439428456E+004  1.4374925466E+004
  5.7527456022E+004  1.4363911885E+004
  5.7615620529E+004  1.4352827703E+004
  5.7703922190E+004  1.4341739143E+004
  5.7792361221E+004  1.4330716811E+004
  5.7880937836E+004  1.4319713542E+004
  5.7969652250E+004  1.4308811081E+004
  5.8058504678E+004  1.4297839186E+004
  5.8147495336E+004  1.4286880649E+004
  5.8236624440E+004  1.4275980300E+004
  5.8325892207E+004  1.4265138157E+004
  5.8415298853E+004  1.4254349757E+004
  5.8504844596E+004  1.4243487122E+004
  5.8594529653E+004  1.4232640805E+004
  5.8684354241E+004  1.4221856910E+004
  5.8774318579E+004  1.4211131353E+004
  5.8864422886E+004  1.4200463978E+004
  5.8954667379E+004  1.4189682697E+004
  5.9045052279E+004  1.4178960603E+004
  5.9135577805E+004  1.4168306937E+004
  5.9226244176E+004  1.4157707990E+004
  5.9317051613E+004  1.4147102802E+004
  5.9408000337E+004  1.4136449786E+004
  5.9499090568E+004  1.4125870495E+004
  5.9590322528E+004  1.4115338797E+004
  5.9681696438E+004  1.4104871866E+004
  5.9773212520E+004  1.4094323628E+004
  5.9864870997E+004  1.4083815545E+004
  5.9956672091E+004  1.4073358585E+004
  6.0048616025E+004  1.4062957950E+004
  6.0140703023E+004  1.4052556460E+004
  6.0232933309E+004  1.4042098082E+004
  6.0325307106E+004  1.4031704633E+004
  6.0417824640E+004  1.4021364383E+004
  6.0510486135E+004  1.4011096814E+004
  6.0603291816E+004  1.4000717002E+004
  6.0696241909E+004  1.3990396266E+004
  6.0789336640E+004  1.3980143876E+004
  6.0882576234E+004  1.3969933315E+004
  6.0975960919E+004  1.3959684699E+004
  6.1069490922E+004  1.3949437234E+004
  6.1163166469E+004  1.3939253183E+004
  6.1256987788E+004  1.3929112650E+004
  6.1350955108E+004  1.3918973290E+004
  6.1445068657E+004  1.3908805407E+004
  6.1539328664E+004  1.3898675230E+004
  6.1633735357E+004  1.3888620053E+004
  6.1728288966E+004  1.3878576060E+004
  6.1822989722E+004  1.3868475722E+004
  6.1917837854E+004  1.3858431086E+004
  6.2012833592E+004  1.3848454089E+004
  6.2107833592E+004  1.3838507568E+004
  6.2202833592E+004  1.3828505867E+004
  6.2297833592E+004  1.3818595119E+004
  6.2392833592E+004  1.3808736193E+004
  6.2487833592E+004  1.3798927288E+004
  6.2582833592E+004  1.3789073468E+004
  6.2677833592E+004  1.3779278643E+004
  6.2772833592E+004  1.3769553001E+004
  6.2867833592E+004  1.3759877679E+004
  6.2962833592E+004  1.3750156069E+004
  6.3057833592E+004  1.3740484056E+004
  6.3152833592E+004  1.3730898050E+004
  6.3247833592E+004  1.3721349944E+004
  6.3342833592E+004  1.3711734237E+004
  6.3437833592E+004  1.3702211588E+004
  6.3532833592E+004  1.3692751040E+004
  6.3627833592E+004  1.3683288671E+004
  6.3722833592E+004  1.3673826304E+004
  6.3817833592E+004  1.3664422550E+004
  6.3912833592E+004  1.3655063481E+004
  6.4007833592E+004  1.3645736601E+004
  6.4102833592E+004  1.3636393390E+004
  6.4197833592E+004  1.3627094543E+004
  6.4292833592E+004  1.3617882569E+004
  6.4387833592E+004  1.3608656345E+004
  6.4482833592E+004  1.3599416681E+004
  6.4577833592E+004  1.3590263607E+004
  6.4672833592E+004  1.3581171354E+004
  6.4767833592E+004  1.3572017815E+004
  6.4862833592E+004  1.3562923255E+004
  6.4957833592E+004  1.3553883575E+004
  6.5052833592E+004  1.3544882729E+004
  6.5147833592E+004  1.3535848456E+004
  6.5242833592E+004  1.3526862652E+004
  6.5337833592E+004  1.3517916718E+004
  6.5432833592E+004  1.3509036018E+004
  6.5527833592E+004  1.3500100259E+004
  6.5622833592E+004  1.3491202164E+004
  6.5717833592E+004  1.3482398162E+004
  6.5812833592E+004  1.3473577670E+004
  6.5907833592E+004  1.3464726544E+004
  6.6002833592E+004  1.3455969231E+004
  6.6097833592E+004  1.3447255409E+004
  6.6192833592E+004  1.3438478857E+004
  6.6287833592E+004  1.3429769803E+004
  6.6382833592E+004  1.3421095424E+004
  6.6477833592E+004  1.3412452220E+004
  6.6572833592E+004  1.3403792542E+004
  6.6667833592E+004  1.3395158911E+004
  6.6762833592E+004  1.3386578269E+004
  6.6857833592E+004  1.3378035278E+004
  6.6952833592E+004  1.3369442380E+004
  6.7047833592E+004  1.3360912909E+004
  6.7142833592E+004  1.3352460375E+004
  6.7237833592E+004  1.3343939530E+004
  6.7332833592E+004  1.3335463320E+004
  6.7427833592E+004  1.3327011220E+004
  6.7522833592E+004  1.3318645395E+004
  6.7617833592E+004  1.3310221271E+004
  6.7712833592E+004  1.3301758445E+004
  6.7807833592E+004  1.3293468405E+004
  6.7902833592E+004  1.3285178638E+004
  6.7997833592E+004  1.3276703571E+004
  6.8092833592E+004  1.3268455560E+004
  6.8187833592E+004  1.3260328870E+004
  6.8282833592E+004  1.3251846703E+004
  6.8377833592E+004  1.3243646617E+004
  6.8472833592E+004  1.3235508181E+004
  6.8567833592E+004  1.3227187470E+004
  6.8662833592E+004  1.3219028108E+004
  6.8757833592E+004  1.3210857134E+004
  6.8852833592E+004  1.3202700443E+004
  6.8947833592E+004  1.3194577695E+004
  6.9042833592E+004  1.3186361538E+004
  6.9137833592E+004  1.3178258476E+004
  6.9232833592E+004  1.3170268398E+004
  6.9327833592E+004  1.3162017137E+004
  6.9422833592E+004  1.3153974077E+004
  6.9517833592E+004  1.3146051529E+004
  6.9612833592E+004  1.3137849617E+004
  6.9707833592E+004  1.3129858017E+004
  6.9802833592E+004  1.3121920364E+004
  6.9897833592E+004  1.3113882924E+004
  6.9992833592E+004  1.3105917449E+004
  7.0087833592E+004  1.3097999902E+004
  7.0182833592E+004  1.3090091054E+004
  7.0277833592E+004  1.3082133308E+004
  7.0372833592E+004  1.3074240029E+004
  7.0467833592E+004  1.3066381994E+004
  7.0562833592E+004  1.3058499114E+004
  7.0657833592E+004  1.3050649611E+004
  7.0752833592E+004  1.3042823150E+004
  7.0847833592E+004  1.3035002235E+004
  7.0942833592E+004  1.3027224121E+004
  7.1037833592E+004  1.3019410769E+004
  7.1132833592E+004  1.3011652289E+004
  7.1227833592E+004  1.3003954670E+004
  7.1322833592E+004  1.2996161745E+004
  7.1417833592E+004  1.2988483777E+004
  7.1512833592E+004  1.2980834770E+004
  7.1607833592E+004  1.2973094866E+004
  7.1702833592E+004  1.2965475577E+004
  7.1797833592E+004  1.2957841682E+004
  7.1892833592E+004  1.2950200776E+004
  7.1987833592E+004  1.2942606815E+004
  7.2082833592E+004  1.2934987996E+004
  7.2177833592E+004  1.2927458421E+004
  7.2272833592E+004  1.2919864863E+004
  7.2367833592E+004  1.2912282705E+004
  7.2462833592E+004  1.2904830316E+004
  7.2557833592E+004  1.2897251051E+004
  7.2652833592E+004  1.2889742708E+004
  7.2747833592E+004  1.2882305641E+004
  7.2842833592E+004  1.2874801550E+004
  7.2937833592E+004  1.2867361574E+004
  7.3032833592E+004  1.2859940616E+004
  7.3127833592E+004  1.2852535204E+004
  7.3222833592E+004  1.2845127416E+004
  7.3317833592E+004  1.2837735863E+004
  7.3412833592E+004  1.2830400502E+004
  7.3507833592E+004  1.2823026064E+004
  7.3602833592E+004  1.2815673444E+004
  7.3697833592E+004  1.2808377306E+004
  7.3792833592E+004  1.2801042864E+004
  7.3887833592E+004  1.2793746055E+004
  7.3982833592E+004  1.2786458270E+004
  7.4077833592E+004  1.2779185498E+004
  7.4172833592E+004  1.2771935443E+004
  7.4267833592E+004  1.2764651843E+004
  7.4362833592E+004  1.2757443051E+004
  7.4457833592E+004  1.2750227808E+004
  7.4552833592E+004  1.2742975570E+004
  7.4647833592E+004  1.2735817470E+004
  7.4742833592E+004  1.2728632827E+004
  7.4837833592E+004  1.2721449682E+004
  7.4932833592E+004  1.2714328912E+004
  7.5027833592E+004  1.2707179014E+004
  7.5122833592E+004  1.2700096171E+004
  7.5217833592E+004  1.2692991495E+004
  7.5312833592E+004  1.2685905304E+004
  7.5407833592E+004  1.2678907047E+004
  7.5502833592E+004  1.2671805248E+004
  7.5597833592E+004  1.2664792899E+004
  7.5692833592E+004  1.2657837682E+004
  7.5787833592E+004  1.2650755209E+004
  7.5882833592E+004  1.2643776739E+004
  7.5977833592E+004  1.2636811944E+004
  7.6072833592E+004  1.2629804981E+004
  7.6167833592E+004  1.2622837614E+004
  7.6262833592E+004  1.2615864502E+004
  7.6357833592E+004  1.2608954216E+004
  7.6452833592E+004  1.2601986945E+004
  7.6547833592E+004  1.2595045404E+004
  7.6642833592E+004  1.2588208853E+004
  7.6737833592E+004  1.2581248898E+004
  7.6832833592E+004  1.2574365199E+004
  7.6927833592E+004  1.2567540626E+004
  7.7022833592E+004  1.2560647904E+004
  7.7117833592E+004  1.2553808031E+004
  7.7212833592E+004  1.2546989089E+004
  7.7307833592E+004  1.2540188040E+004
  7.7402833592E+004  1.2533366059E+004
  7.7497833592E+004  1.2526570308E+004
  7.7592833592E+004  1.2519855129E+004
  7.7687833592E+004  1.2513032041E+004
  7.7782833592E+004  1.2506281690E+004
  7.7877833592E+004  1.2499594372E+004
  7.7972833592E+004  1.2492813630E+004
  7.8067833592E+004  1.2486109401E+004
  7.8162833592E+004  1.2479420444E+004
  7.8257833592E+004  1.2472719499E+004
  7.8352833592E+004  1.2466025813E+004
  7.8447833592E+004  1.2459334416E+004
  7.8542833592E+004  1.2452718398E+004
  7.8637833592E+004  1.2445995049E+004
  7.8732833592E+004  1.2439307118E+004
  7.8827833592E+004  1.2432721216E+004
  7.8922833592E+004  1.2426027933E+004
  7.9017833592E+004  1.2419390694E+004
  7.9112833592E+004  1.2412817064E+004
  7.9207833592E+004  1.2406188164E+004
  7.9302833592E+004  1.2399609142E+004
  7.9397833592E+004  1.2393034735E+004
  7.9492833592E+004  1.2386499287E+004
  7.9587833592E+004  1.2379942556E+004
  7.9682833592E+004  1.2373358570E+004
  7.9777833592E+004  1.2366869879E+004
  7.9872833592E+004  1.2360346529E+004
  7.9967833592E+004  1.2353788713E+004
  8.0062833592E+004  1.2347337104E+004
  8.0157833592E+004  1.2340854769E+004
  8.0252833592E+004  1.2334357718E+004
  8.0347833592E+004  1.2327932954E+004
  8.0442833592E+004  1.2321498124E+004
  8.0537833592E+004  1.2315048456E+004
  8.0632833592E+004  1.2308614988E+004
  8.0727833592E+004  1.2302194647E+004
  8.0822833592E+004  1.2295799908E+004
  8.0917833592E+004  1.2289358498E+004
  8.1012833592E+004  1.2282971723E+004
  8.1107833592E+004  1.2276622712E+004
  8.1202833592E+004  1.2270182751E+004
  8.1297833592E+004  1.2263824111E+004
  8.1392833592E+004  1.2257514540E+004
  8.1487833592E+004  1.2251111949E+004
  8.1582833592E+004  1.2244771511E+004
  8.1677833592E+004  1.2238469887E+004
  8.1772833592E+004  1.2232147848E+004
  8.1867833592E+004  1.2225804183E+004
  8.1962833592E+004  1.2219523855E+004
  8.2057833592E+004  1.2213275194E+004
  8.2152833592E+004  1.2206931250E+004
  8.2247833592E+004  1.2200668221E+004
  8.2342833592E+004  1.2194459673E+004
  8.2437833592E+004  1.2188159018E+004
  8.2532833592E+004  1.2181890619E+004
  8.2627833592E+004  1.2175677354E+004
  8.2722833592E+004  1.2169468501E+004
  8.2817833592E+004  1.2163196607E+004
  8.2912833592E+004  1.2156994974E+004
  8.3007833592E+004  1.2150879817E+004
  8.3102833592E+004  1.2144611013E+004
  8.3197833592E+004  1.2138446632E+004
  8.3292833592E+004  1.2132359027E+004
  8.3387833592E+004  1.2126160606E+004
  8.3482833592E+004  1.2120031125E+004
  8.3577833592E+004  1.2113938527E+004
  8.3672833592E+004  1.2107839484E+004
  8.3767833592E+004  1.2101709898E+004
  8.3862833592E+004  1.2095582798E+004
  8.3957833592E+004  1.2089550763E+004
  8.4052833592E+004  1.2083412822E+004
  8.4147833592E+004  1.2077283159E+004
  8.4242833592E+004  1.2071254834E+004
  8.4337833592E+004  1.2065162114E+004
  8.4432833592E+004  1.2059056861E+004
  8.4527833592E+004  1.2053023835E+004
  8.4622833592E+004  1.2046990592E+004
  8.4717833592E+004  1.2040922568E+004
  8.4812833592E+004  1.2034870021E+004
  8.4907833592E+004  1.2028855676E+004
  8.5002833592E+004  1.2022856269E+004
  8.5097833592E+004  1.2016790573E+004
  8.5192833592E+004  1.2010802519E+004
  8.5287833592E+004  1.2004873609E+004
  8.5382833592E+004  1.1998807944E+004
  8.5477833592E+004  1.1992849089E+004
  8.5572833592E+004  1.1986956900E+004
  8.5667833592E+004  1.1980930916E+004
  8.5762833592E+004  1.1974985813E+004
  8.5857833592E+004  1.1969059030E+004
  8.5952833592E+004  1.1963133088E+004
  8.6047833592E+004  1.1957172389E+004
  8.6142833592E+004  1.1951226451E+004
  8.6237833592E+004  1.1945406109E+004
  8.6332833592E+004  1.1939414339E+004
  8.6400000000E+004  1.1934949087E+004
  1.3839283359E+005  9.4067044280E+003
  1.4703783359E+005  9.1152183704E+003
  1.5568283359E+005  8.8544804115E+003
  1.6432783359E+005  8.6223192793E+003
  1.7297283359E+005  8.4162825341E+003
  1.8161783359E+005  8.2340124365E+003
  1.9026283359E+005  8.0727223086E+003
  1.9890783359E+005  7.9303058772E+003
  2.0745783359E+005  7.8056015795E+003
  2.1610283359E+005  7.6936806246E+003
  2.2474783359E+005  7.5942291140E+003
  2.3339283359E+005  7.5060408499E+003
  2.4203783359E+005  7.4278615334E+003
  2.5068283359E+005  7.3583400544E+003
  2.5932783359E+005  7.2966181872E+003
  2.6797283359E+005  7.2419126444E+003
  2.7661783359E+005  7.1934670772E+003
  2.8526283359E+005  7.1504749608E+003
  2.9390783359E+005  7.1123186220E+003
  3.0255283359E+005  7.0782600272E+003
  3.1119783359E+005  7.0479360034E+003
  3.1984283359E+005  7.0209006342E+003
  3.2848783359E+005  6.9967625976E+003
  3.3713283359E+005  6.9751894175E+003
  3.4577783359E+005  6.9560669994E+003
  3.5442283359E+005  6.9390124859E+003
  3.6306783359E+005  6.9239013605E+003
  3.7161783359E+005  6.9106499496E+003
  3.8026283359E+005  6.8985070754E+003
  3.8890783359E+005  6.8875300976E+003
  3.9755283359E+005  6.8778565185E+003
  4.0619783359E+005  6.8692271075E+003
  4.1484283359E+005  6.8616117518E+003
  4.2348783359E+005  6.8548925095E+003
  4.3213283359E+005  6.8489365760E+003
  4.4077783359E+005  6.8436533388E+003
  4.4942283359E+005  6.8389931734E+003
  4.5806783359E+005  6.8348555178E+003
  4.6671283359E+005  6.8313054784E+003
  4.7535783359E+005  6.8283057067E+003
  4.8400283359E+005  6.8257987361E+003
  4.9264783359E+005  6.8237530129E+003
  5.0129283359E+005  6.8220609498E+003
  5.0993783359E+005  6.8207065981E+003
  5.1858283359E+005  6.8196370214E+003
  5.2722783359E+005  6.8190086561E+003
  5.3577783359E+005  6.8187974942E+003
  5.4442283359E+005  6.8188972321E+003
  5.5306783359E+005  6.8193214106E+003
  5.6171283359E+005  6.8200597152E+003
  5.7035783359E+005  6.8211262658E+003
  5.7900283359E+005  6.8223393806E+003
  5.8764783359E+005  6.8237317046E+003
  5.9629283359E+005  6.8252921826E+003
  6.0493783359E+005  6.8269651595E+003
  6.1358283359E+005  6.8287390246E+003
  6.2222783359E+005  6.8306724829E+003
  6.3087283359E+005  6.8327374612E+003
  6.3951783359E+005  6.8348111548E+003
  6.4816283359E+005  6.8368624714E+003
  6.5680783359E+005  6.8389819139E+003
  6.6545283359E+005  6.8411739176E+003
  6.7409783359E+005  6.8434478345E+003
  6.8274283359E+005  6.8458476488E+003
  6.9138783359E+005  6.8483390483E+003
  6.9993783359E+005  6.8508609633E+003
  7.0858283359E+005  6.8533471772E+003
  7.1722783359E+005  6.8558532458E+003
  7.2587283359E+005  6.8584079117E+003
  7.3451783359E+005  6.8610143763E+003
  7.4316283359E+005  6.8637279497E+003
  7.5180783359E+005  6.8664869306E+003
  7.6045283359E+005  6.8693199662E+003
  7.6909783359E+005  6.8722081984E+003
  7.7774283359E+005  6.8751345659E+003
  7.8638783359E+005  6.8781562716E+003
  7.9503283359E+005  6.8812773927E+003
  8.0367783359E+005  6.8845000489E+003
  8.1232283359E+005  6.8878453005E+003
  8.2096783359E+005  6.8913366023E+003
  8.2961283359E+005  6.8949355218E+003
