0.001 43.0375 568709 -7.61042 -8.03133 -8.39133 -8.86042 -9.31133 -8.84322 -9.02414 -9.28322
0.00108984 43.1817 551365 -8.00688 -8.4323 -8.7923 -9.25688 -9.7123 -9.30265 -9.48806 -9.74265
0.00118775 43.314 534550 -8.37253 -8.80231 -9.16231 -9.62253 -10.0823 -9.72934 -9.91911 -10.1693
0.00129446 43.4354 518248 -8.71645 -9.14645 -9.50645 -9.96645 -10.4265 -10.1365 -10.3222 -10.5722
0.00141076 43.5468 502443 -9.03449 -9.46449 -9.82449 -10.2845 -10.7445 -10.516 -10.6974 -10.9474
0.00153751 43.649 487120 -9.33342 -9.76342 -10.1234 -10.5834 -11.0434 -10.8713 -11.0513 -11.3044
0.00167564 43.7428 472264 -9.61217 -10.0422 -10.4022 -10.8622 -11.3222 -11.2032 -11.3832 -11.6408
0.00182618 43.8288 457862 -9.87359 -10.3036 -10.6616 -11.1236 -11.5816 -11.5157 -11.6957 -11.9557
0.00199025 43.9077 443899 -10.12 -10.55 -10.9035 -11.37 -11.8235 -11.8113 -11.9913 -12.2513
0.00216905 43.9801 430361 -10.35 -10.7792 -11.13 -11.5992 -12.05 -12.0886 -12.2686 -12.5286
0.00236392 44.0463 417236 -10.5696 -10.9942 -11.3496 -11.8142 -12.2696 -12.3532 -12.5332 -12.7932
0.0025763 44.1066 404512 -10.7727 -11.193 -11.5527 -12.013 -12.4727 -12.6 -12.78 -13.04
0.00280776 44.1609 392176 -10.9626 -11.3826 -11.7426 -12.2026 -12.6626 -12.8349 -13.0149 -13.2749
0.00306001 44.2082 380215 -11.1334 -11.5534 -11.9134 -12.3734 -12.8334 -13.0498 -13.2298 -13.4898
0.00333493 44.2461 368620 -11.285 -11.705 -12.065 -12.525 -12.9819 -13.243 -13.423 -13.683
0.00363454 44.2708 357378 -11.4044 -11.8244 -12.1844 -12.6444 -13.0968 -13.4022 -13.5822 -13.8422
0.00396108 44.2779 346479 -11.4818 -11.9018 -12.2618 -12.7218 -13.1718 -13.5175 -13.6975 -13.9555
0.00431695 44.2661 335913 -11.5148 -11.9348 -12.2948 -12.7548 -13.2048 -13.5862 -13.7662 -14.0198
0.00470479 44.2386 325668 -11.508 -11.928 -12.2872 -12.7472 -13.198 -13.6137 -13.7937 -14.0437
0.00512747 44.2006 315737 -11.4805 -11.9005 -12.2552 -12.7152 -13.1705 -13.6177 -13.7977 -14.0477
0.00558813 44.1568 306108 -11.4364 -11.8564 -12.2068 -12.6668 -13.1264 -13.6042 -13.7842 -14.0342
0.00609018 44.1099 296772 -11.3871 -11.8071 -12.1613 -12.6213 -13.0771 -13.5864 -13.7664 -14.0164
0.00663733 44.0616 287722 -11.3322 -11.7522 -12.1108 -12.5708 -13.0222 -13.5623 -13.7423 -13.9923
0.00723364 44.0126 278947 -11.2827 -11.7027 -12.0597 -12.5197 -12.9697 -13.538 -13.718 -13.968
0.00788352 43.9631 270440 -11.2345 -11.6545 -12.007 -12.467 -12.917 -13.5119 -13.6919 -13.9419
0.00859178 43.9162 262192 -11.1923 -11.6123 -11.9623 -12.4223 -12.8723 -13.4918 -13.6718 -13.9199
0.00936368 43.8669 254196 -11.145 -11.565 -11.915 -12.375 -12.825 -13.4669 -13.6469 -13.8905
0.0102049 43.8177 246444 -11.0973 -11.5173 -11.8673 -12.3273 -12.7773 -13.4404 -13.6196 -13.8604
0.0111218 43.7687 238928 -11.0558 -11.4758 -11.8258 -12.2858 -12.7358 -13.4168 -13.5916 -13.8368
0.0121209 43.7198 231642 -11.0122 -11.4322 -11.7822 -12.2422 -12.6922 -13.3907 -13.5611 -13.8107
0.0132099 43.6712 224577 -10.9759 -11.3959 -11.7459 -12.2059 -12.6518 -13.3642 -13.5383 -13.7842
0.0143967 43.6228 217729 -10.9385 -11.3585 -11.7085 -12.1685 -12.6099 -13.3355 -13.5141 -13.7555
0.0156901 43.5747 211088 -10.9031 -11.3231 -11.6731 -12.1331 -12.5731 -13.3121 -13.4891 -13.7291
0.0170998 43.5269 204651 -10.8679 -11.2879 -11.6379 -12.0979 -12.5379 -13.2902 -13.4628 -13.7028
0.018636 43.4796 198410 -10.8355 -11.2555 -11.6055 -12.0655 -12.5055 -13.2674 -13.4393 -13.6774
0.0203103 43.4328 192359 -10.8079 -11.2279 -11.5779 -12.0379 -12.4779 -13.2442 -13.4205 -13.6542
0.022135 43.3866 186492 -10.7807 -11.2007 -11.5507 -12.01 -12.45 -13.2214 -13.4007 -13.6307
0.0241237 43.3411 180805 -10.7616 -11.1816 -11.5316 -11.9864 -12.4264 -13.2068 -13.3816 -13.6116
0.026291 43.2965 175291 -10.7417 -11.1617 -11.5117 -11.9621 -12.4021 -13.1912 -13.3617 -13.5917
0.028653 43.2528 169945 -10.7272 -11.1472 -11.4972 -11.9472 -12.3872 -13.1772 -13.3472 -13.5772
0.0312272 43.2103 164762 -10.7133 -11.1333 -11.4833 -11.9333 -12.3733 -13.1633 -13.3333 -13.5633
0.0340327 43.1691 159738 -10.707 -11.124 -11.474 -11.924 -12.3611 -13.154 -13.324 -13.554
0.0370903 43.1293 154866 -10.7051 -11.1177 -11.4677 -11.9177 -12.3504 -13.1477 -13.3177 -13.5477
0.0404225 43.0912 150143 -10.7053 -11.1171 -11.4653 -11.9153 -12.3471 -13.1453 -13.3153 -13.5453
0.0440541 43.0548 145564 -10.7082 -11.1245 -11.4682 -11.9182 -12.3545 -13.1482 -13.3182 -13.5482
0.048012 43.0204 141125 -10.7147 -11.1341 -11.4747 -11.9241 -12.3641 -13.1541 -13.3241 -13.5534
0.0523255 42.988 134702 -10.7817 -11.1943 -11.5417 -11.9843 -12.4243 -13.2143 -13.3843 -13.6069
0.0570265 42.9577 128366 -10.8583 -11.2683 -11.6183 -12.0583 -12.494 -13.284 -13.4497 -13.6697
0.0621498 42.9296 122329 -10.9388 -11.3488 -11.6977 -12.1377 -12.5677 -13.3565 -13.5177 -13.7365
0.0677335 42.9037 116575 -11.0263 -11.4363 -11.7782 -12.2182 -12.6482 -13.4302 -13.5982 -13.8102
0.0738187 42.8799 111092 -11.1194 -11.5294 -11.8694 -12.3094 -12.7344 -13.5094 -13.6794 -13.8894
0.0804507 42.8581 105866 -11.2161 -11.6261 -11.9661 -12.4042 -12.8242 -13.5942 -13.7623 -13.9723
0.0876786 42.8382 100887 -11.3181 -11.7281 -12.0681 -12.4993 -12.9193 -13.6893 -13.8505 -14.0605
0.0955557 42.8202 96141.5 -11.4259 -11.8301 -12.1701 -12.6001 -13.0259 -13.7844 -13.9444 -14.1487
0.104141 42.8038 91619.4 -11.5363 -11.9363 -12.2763 -12.7063 -13.131 -13.881 -14.0384 -14.2384
0.113497 42.7888 87310 -11.6497 -12.0497 -12.3897 -12.8197 -13.2308 -13.9808 -14.1313 -14.3313
0.123693 42.7751 83203.3 -11.7688 -12.1688 -12.5024 -12.9324 -13.3424 -14.0795 -14.2359 -14.4295
0.134806 42.7626 79289.7 -11.886 -12.286 -12.6193 -13.046 -13.456 -14.1793 -14.3393 -14.5293
0.146917 42.751 75560.3 -12.0008 -12.4008 -12.7406 -13.1606 -13.5704 -14.2804 -14.4403 -14.6301
0.160117 42.7403 72006.2 -12.1274 -12.5274 -12.8603 -13.2803 -13.6831 -14.3931 -14.546 -14.7288
0.174502 42.7304 68619.3 -12.2546 -12.6506 -12.9806 -13.4006 -13.8006 -14.4984 -14.6484 -14.8284
0.190179 42.721 65391.8 -12.381 -12.7719 -13.101 -13.5201 -13.9201 -14.5992 -14.7483 -14.9274
0.207265 42.7003 62308.9 -12.4753 -12.8731 -13.1953 -13.6074 -14.0074 -14.6796 -14.8217 -14.9939
0.225886 42.6935 59362.7 -12.6095 -13.0046 -13.3246 -13.7346 -14.1298 -14.7902 -14.9302 -15.0953
0.24618 42.6866 56553 -12.7426 -13.1326 -13.4526 -13.8608 -14.2491 -14.8973 -15.0356 -15.1956
0.268298 42.6796 53873.2 -12.871 -13.261 -13.581 -13.9823 -14.3636 -15.0049 -15.1363 -15.2963
0.292402 42.6725 51316.8 -13.0062 -13.3905 -13.7105 -14.1048 -14.4848 -15.1077 -15.2377 -15.392
0.318672 42.6653 48877.7 -13.1385 -13.5185 -13.8359 -14.2259 -14.6032 -15.2079 -15.3379 -15.4826
0.347301 42.6579 46550 -13.2657 -13.6457 -13.9561 -14.3461 -14.7165 -15.3073 -15.4373 -15.5681
0.378504 42.6502 44328.1 -13.3952 -13.7752 -14.0785 -14.4619 -14.8319 -15.4018 -15.5252 -15.6552
0.412509 42.6424 42206.4 -13.5232 -13.8995 -14.1995 -14.5795 -14.9421 -15.4947 -15.6147 -15.7373
0.449569 42.6342 40179.7 -13.6497 -14.019 -14.319 -14.6983 -15.0476 -15.5855 -15.7048 -15.8141
0.489959 42.6257 38242.9 -13.778 -14.1402 -14.4402 -14.8124 -15.1546 -15.6711 -15.7833 -15.8855
0.533978 42.6169 36391.1 -13.9008 -14.2658 -14.5608 -14.9258 -15.2609 -15.756 -15.8611 -15.9511
0.581951 42.6075 34619.5 -14.0219 -14.3899 -14.6778 -15.0357 -15.3636 -15.8374 -15.9353 -16.0132
0.634235 42.5976 32923.4 -14.1476 -14.5084 -14.7892 -15.1399 -15.4607 -15.9129 -16.0037 -16.0744
0.691215 42.587 31298.4 -14.2681 -14.6216 -14.9016 -15.245 -15.5584 -15.9822 -16.0722 -16.1291
0.753315 42.5756 29739.9 -14.3861 -14.7361 -15.0122 -15.3483 -15.6545 -16.0489 -16.1312 -16.1734
0.820994 42.5633 28243.7 -14.5023 -14.8511 -15.1211 -15.4486 -15.7474 -16.1112 -16.18 -16.2088
0.894753 42.5498 26805.5 -14.6186 -14.9598 -15.2298 -15.5424 -15.8337 -16.16 -16.2213 -16.2426
0.975139 42.535 25420.9 -14.7344 -15.0681 -15.3317 -15.6353 -15.9126 -16.2071 -16.2608 -16.2617
1.06275 42.5187 24085.9 -14.8441 -15.1741 -15.43 -15.7259 -15.9877 -16.2472 -16.289 -16.2708
1.15823 42.5004 22796.3 -14.9497 -15.2758 -15.5238 -15.8119 -16.0579 -16.2762 -16.3042 -16.2684
1.26228 42.4799 21548.1 -15.0588 -15.3689 -15.6089 -15.8889 -16.119 -16.2891 -16.3091 -16.2492
1.37569 42.4568 20337.1 -15.1594 -15.4611 -15.6928 -15.9562 -16.1696 -16.2897 -16.293 -16.2164
1.49928 42.4305 19159.3 -15.2498 -15.5498 -15.7729 -16.0122 -16.2153 -16.284 -16.2633 -16.1626
1.63398 42.4005 18011 -15.3401 -15.6286 -15.8428 -16.0613 -16.244 -16.2537 -16.2122 -16.0849
1.78078 42.366 16888.1 -15.4192 -15.6942 -15.8992 -16.1043 -16.2593 -16.1994 -16.1394 -15.9845
1.94077 42.3262 15787.2 -15.4887 -15.754 -15.9447 -16.1308 -16.2569 -16.1244 -16.0404 -15.8518
2.11513 42.2802 14704.9 -15.552 -15.8023 -15.9775 -16.133 -16.2286 -16.02 -15.9007 -15.6762
2.30515 42.2267 13638.1 -15.6018 -15.8305 -15.9893 -16.1181 -16.1756 -15.875 -15.7126 -15.4557
2.51225 42.1644 12584.5 -15.6345 -15.8473 -15.976 -16.0746 -16.0932 -15.6819 -15.4734 -15.1749
2.73796 42.0916 11542.2 -15.6403 -15.8313 -15.9419 -15.994 -15.9662 -15.4316 -15.1642 -14.8259
2.98394 42.0062 10510.5 -15.6261 -15.7902 -15.8714 -15.8726 -15.7779 -15.0927 -14.7651 -14.3663
3.25202 41.9061 9489.6 -15.5806 -15.7079 -15.7452 -15.6949 -15.5195 -14.6662 -14.2507 -13.8004
3.54419 41.7883 8481.46 -15.4844 -15.5734 -15.5623 -15.4339 -15.1681 -14.1102 -13.5807 -13.0796
3.8626 41.6496 7489.68 -15.3382 -15.3723 -15.2979 -15.0776 -14.6873 -13.3853 -12.712 -12.1591
4.20962 41.4861 6519.96 -15.104 -15.07 -14.9133 -14.5726 -14.0219 -12.4318 -11.5558 -10.9771
4.58782 41.293 5580.17 -14.7605 -14.632 -14.3699 -13.8604 -13.1035 -11.1682 -10.0129 -9.47766
5 41.0649 4680.45 -14.2606 -14.0064 -13.5845 -12.865 -11.8189 -9.50623 -7.93708 -7.5855
