0.001 42.1214 604661 -5.25011 -5.67011 -6.03011 -6.50011 -6.95795 -6.36034 -6.54034 -6.80034
0.00108984 42.3617 586221 -5.8866 -6.3066 -6.6666 -7.1366 -7.58998 -7.05926 -7.23926 -7.49926
0.00118775 42.5822 568343 -6.47301 -6.89402 -7.25402 -7.72301 -8.17402 -7.70715 -7.88816 -8.14715
0.00129446 42.7845 551010 -7.01481 -7.44031 -7.80031 -8.26481 -8.72031 -8.31186 -8.49737 -8.75186
0.00141076 42.9702 534206 -7.51381 -7.94367 -8.30367 -8.76381 -9.22367 -8.87186 -9.06172 -9.31186
0.00153751 43.1405 517914 -7.98022 -8.41022 -8.77022 -9.23022 -9.69022 -9.40155 -9.58717 -9.83717
0.00167564 43.2968 502120 -8.41052 -8.84052 -9.20052 -9.66052 -10.1205 -9.89332 -10.0746 -10.3246
0.00182618 43.4403 486806 -8.81261 -9.24261 -9.60261 -10.0626 -10.5226 -10.3516 -10.5316 -10.7848
0.00199025 43.5719 471960 -9.18587 -9.61587 -9.97587 -10.4359 -10.8959 -10.778 -10.958 -11.2156
0.00216905 43.6926 457567 -9.53419 -9.96419 -10.3221 -10.7842 -11.2421 -11.1774 -11.3574 -11.6174
0.00236392 43.8034 443613 -9.86025 -10.2903 -10.6437 -11.1103 -11.5637 -11.5525 -11.7325 -11.9925
0.0025763 43.9051 430084 -10.1636 -10.5927 -10.9436 -11.4127 -11.8636 -11.9032 -12.0832 -12.3432
0.00280776 43.9984 416968 -10.4508 -10.8753 -11.2308 -11.6953 -12.1508 -12.2353 -12.4153 -12.6753
0.00306001 44.0839 404251 -10.7171 -11.1372 -11.4971 -11.9572 -12.4171 -12.5452 -12.7252 -12.9852
0.00333493 44.1625 391923 -10.9675 -11.3875 -11.7475 -12.2075 -12.6675 -12.8408 -13.0208 -13.2808
0.00363454 44.2344 379971 -11.2002 -11.6202 -11.9802 -12.4402 -12.9002 -13.1174 -13.2974 -13.5574
0.00396108 44.3003 368383 -11.4217 -11.8417 -12.2017 -12.6617 -13.1185 -13.3805 -13.5605 -13.8205
0.00431695 44.3602 357148 -11.6292 -12.0492 -12.4092 -12.8692 -13.3215 -13.6278 -13.8078 -14.0678
0.00470479 44.4141 346256 -11.8235 -12.2435 -12.6035 -13.0635 -13.5135 -13.8599 -14.0399 -14.2979
0.00512747 44.4609 335696 -12.0028 -12.4228 -12.7828 -13.2428 -13.6928 -14.075 -14.255 -14.5085
0.00558813 44.4981 325459 -12.1583 -12.5783 -12.9374 -13.3974 -13.8483 -14.2646 -14.4446 -14.6946
0.00609018 44.5218 315533 -12.285 -12.705 -13.0596 -13.5196 -13.975 -14.4228 -14.6028 -14.8528
0.00663733 44.5278 305910 -12.3653 -12.7853 -13.1356 -13.5956 -14.0553 -14.5337 -14.7137 -14.9637
0.00723364 44.5149 296581 -12.4008 -12.8208 -13.175 -13.635 -14.0908 -14.6007 -14.7807 -15.0307
0.00788352 44.4865 287536 -12.3957 -12.8157 -13.1744 -13.6344 -14.0857 -14.6264 -14.8064 -15.0564
0.00859178 44.448 278767 -12.3729 -12.7929 -13.1498 -13.6098 -14.0598 -14.6286 -14.8086 -15.0586
0.00936368 44.4039 270266 -12.338 -12.758 -13.1105 -13.5705 -14.0205 -14.6159 -14.7959 -15.0459
0.0102049 44.357 262024 -12.296 -12.716 -13.066 -13.526 -13.976 -14.596 -14.776 -15.024
0.0111218 44.3086 254033 -12.2509 -12.6709 -13.0209 -13.4809 -13.9309 -14.5732 -14.7532 -14.9968
0.0121209 44.2595 246285 -12.2036 -12.6236 -12.9736 -13.4336 -13.8836 -14.547 -14.7261 -14.967
0.0132099 44.2101 238774 -12.161 -12.581 -12.931 -13.391 -13.841 -14.5224 -14.697 -14.9424
0.0143967 44.1625 231493 -12.1204 -12.5404 -12.8904 -13.3504 -13.8004 -14.4993 -14.6696 -14.9193
0.0156901 44.1131 224433 -12.0824 -12.5024 -12.8524 -13.3124 -13.7582 -14.4708 -14.6451 -14.8908
0.0170998 44.0637 217588 -12.0426 -12.4626 -12.8126 -13.2726 -13.714 -14.4398 -14.6185 -14.8598
0.018636 44.0145 210953 -12.0045 -12.4245 -12.7745 -13.2345 -13.6745 -14.4138 -14.5907 -14.8307
0.0203103 43.9654 204519 -11.9659 -12.3859 -12.7359 -13.1959 -13.6359 -14.3885 -14.561 -14.801
0.022135 43.9165 198282 -11.9297 -12.3497 -12.6997 -13.1597 -13.5997 -14.3616 -14.5336 -14.7716
0.0241237 43.8677 192235 -11.8971 -12.3171 -12.6671 -13.1271 -13.5671 -14.3335 -14.5099 -14.7435
0.026291 43.8192 186372 -11.8643 -12.2843 -12.6343 -13.0935 -13.5335 -14.305 -14.4843 -14.7143
0.028653 43.771 180689 -11.8381 -12.2581 -12.6081 -13.0628 -13.5028 -14.2834 -14.4581 -14.6881
0.0312272 43.723 175178 -11.81 -12.23 -12.58 -13.0303 -13.4703 -14.2596 -14.43 -14.66
0.0340327 43.6755 169836 -11.7859 -12.2059 -12.5559 -13.0059 -13.4459 -14.2359 -14.4059 -14.6359
0.0370903 43.6285 164656 -11.7606 -12.1806 -12.5306 -12.9806 -13.4206 -14.2106 -14.3806 -14.6106
0.0404225 43.582 159635 -11.7413 -12.1582 -12.5082 -12.9582 -13.3952 -14.1882 -14.3582 -14.5882
0.0440541 43.5362 154766 -11.7242 -12.1368 -12.4868 -12.9368 -13.3693 -14.1668 -14.3368 -14.5668
0.048012 43.4911 150047 -11.7071 -12.119 -12.4671 -12.9171 -13.349 -14.1471 -14.3171 -14.5471
0.0523255 43.447 145471 -11.6906 -12.107 -12.4506 -12.9006 -13.337 -14.1306 -14.3006 -14.5306
0.0570265 43.4039 141034 -11.6757 -12.095 -12.4357 -12.885 -13.325 -14.115 -14.285 -14.5143
0.0621498 43.3621 136733 -11.6702 -12.085 -12.4302 -12.875 -13.315 -14.105 -14.275 -14.4997
0.0677335 43.3217 132563 -11.6651 -12.0755 -12.4251 -12.8655 -13.3055 -14.0955 -14.2655 -14.4859
0.0738187 43.2828 128520 -11.6671 -12.0771 -12.4271 -12.8671 -13.303 -14.093 -14.2588 -14.4788
0.0804507 43.2456 124601 -11.6709 -12.0809 -12.4309 -12.8709 -13.3024 -14.0924 -14.2539 -14.4739
0.0876786 43.2103 120801 -11.6809 -12.0909 -12.4379 -12.8779 -13.3079 -14.0949 -14.2579 -14.4749
0.0955557 43.1769 116738 -11.7051 -12.1151 -12.4573 -12.8973 -13.3273 -14.1094 -14.2773 -14.4894
0.104141 43.1457 111247 -11.7796 -12.1896 -12.5296 -12.9696 -13.3947 -14.1699 -14.3399 -14.5499
0.113497 43.1166 106015 -11.8579 -12.2679 -12.6079 -13.0462 -13.4662 -14.2362 -14.4045 -14.6145
0.123693 43.0897 101028 -11.9424 -12.3524 -12.6924 -13.1238 -13.5438 -14.3138 -14.4752 -14.6852
0.134806 43.0649 96276.3 -12.0333 -12.4378 -12.7778 -13.2078 -13.6333 -14.3923 -14.5523 -14.7567
0.146917 43.0422 91747.9 -12.128 -12.528 -12.868 -13.298 -13.7232 -14.4732 -14.6307 -14.8307
0.160117 43.0215 87432.4 -12.2272 -12.6272 -12.9672 -13.3972 -13.8087 -14.5587 -14.7094 -14.9094
0.174502 43.0027 83319.9 -12.3333 -12.7333 -13.0671 -13.4971 -13.9071 -14.6446 -14.8008 -14.9946
0.190179 42.9855 79400.9 -12.439 -12.839 -13.1722 -13.599 -14.009 -14.7328 -14.8928 -15.0828
0.207265 42.9699 75666.2 -12.5435 -12.9435 -13.2834 -13.7035 -14.1135 -14.8235 -14.9835 -15.1735
0.225886 42.9557 72107.2 -12.6614 -13.0614 -13.3944 -13.8144 -14.2175 -14.9275 -15.0805 -15.2636
0.24618 42.9426 68715.6 -12.7809 -13.177 -13.507 -13.927 -14.327 -15.0254 -15.1754 -15.3554
0.268298 42.9307 65483.5 -12.9008 -13.2915 -13.6208 -14.0401 -14.4401 -15.1194 -15.2687 -15.448
0.292402 42.9196 62403.4 -13.019 -13.4167 -13.739 -14.1514 -14.5514 -15.2237 -15.3661 -15.5384
0.318672 42.9093 59468.2 -13.1434 -13.5388 -13.8588 -14.2688 -14.6642 -15.3251 -15.4651 -15.6305
0.347301 42.8997 56671.1 -13.2688 -13.6588 -13.9788 -14.3874 -14.7759 -15.4245 -15.5631 -15.7231
0.378504 42.8779 54004.8 -13.3594 -13.7494 -14.0694 -14.4711 -14.8528 -15.4944 -15.6261 -15.7861
0.412509 42.87 51419.9 -13.4936 -13.8782 -14.1982 -14.5928 -14.9728 -15.5966 -15.7266 -15.8811
0.449569 42.8619 48950.8 -13.6255 -14.0055 -14.323 -14.713 -15.0906 -15.6957 -15.8257 -15.9708
0.489959 42.8534 46591.2 -13.752 -14.132 -14.4425 -14.8325 -15.203 -15.7941 -15.9241 -16.0551
0.533978 42.8445 44335.1 -13.8804 -14.2604 -14.5638 -14.9471 -15.3171 -15.8872 -16.0105 -16.1405
0.581951 42.8352 42176.8 -14.0073 -14.3835 -14.6835 -15.0635 -15.4259 -15.9783 -16.0983 -16.2207
0.634235 42.8252 40110.5 -14.1326 -14.5017 -14.8017 -15.1807 -15.5297 -16.0669 -16.1859 -16.295
0.691215 42.8147 38130.7 -14.2589 -14.6207 -14.9207 -15.2925 -15.6343 -16.1496 -16.2613 -16.3631
0.753315 42.8033 36232.1 -14.3793 -14.7449 -15.0393 -15.4038 -15.7382 -16.2314 -16.3358 -16.4247
0.820994 42.7909 34409.3 -14.4992 -14.8662 -15.1532 -15.5103 -15.8373 -16.3084 -16.4054 -16.4824
0.894753 42.7775 32657 -14.6212 -14.9808 -15.2608 -15.6104 -15.93 -16.3784 -16.4684 -16.5376
0.975139 42.7627 30970.2 -14.7371 -15.089 -15.369 -15.711 -16.023 -16.4408 -16.5308 -16.5847
1.06275 42.7463 29343.8 -14.8514 -15.2014 -15.4756 -15.8098 -16.114 -16.5007 -16.5791 -16.6175
1.15823 42.7281 27772.7 -14.9634 -15.3097 -15.5797 -15.9023 -16.1986 -16.5502 -16.6165 -16.6428
1.26228 42.7076 26252 -15.073 -15.4112 -15.6795 -15.9878 -16.2743 -16.5874 -16.6457 -16.6605
1.37569 42.6845 24776.6 -15.18 -15.51 -15.77 -16.07 -16.3401 -16.6202 -16.6703 -16.6604
1.49928 42.6582 23341.8 -15.2775 -15.6075 -15.8589 -16.1504 -16.4033 -16.6405 -16.6734 -16.6462
1.63398 42.6281 21942.7 -15.3786 -15.6937 -15.9363 -16.2189 -16.454 -16.6393 -16.6619 -16.6096
1.78078 42.5937 20574.7 -15.4705 -15.7738 -16.0071 -16.2738 -16.4904 -16.6203 -16.627 -16.5536
1.94077 42.5539 19233.5 -15.5484 -15.8484 -16.072 -16.313 -16.5166 -16.5886 -16.5696 -16.4705
2.11513 42.5079 17914.9 -15.623 -15.9099 -16.1234 -16.3404 -16.5208 -16.5252 -16.4821 -16.3526
2.30515 42.4544 16615.3 -15.6795 -15.9522 -16.1549 -16.3576 -16.5057 -16.4273 -16.3627 -16.2008
2.51225 42.392 15331.7 -15.7278 -15.989 -16.1715 -16.3451 -16.4587 -16.2972 -16.2008 -15.9956
2.73796 42.3192 14061.9 -15.7575 -15.9952 -16.1628 -16.3005 -16.3757 -16.1151 -15.9704 -15.7268
2.98394 42.2339 12804.9 -15.7686 -15.9839 -16.12 -16.226 -16.2521 -15.8655 -15.6669 -15.3783
3.25202 42.1337 11561.2 -15.7423 -15.9338 -16.0446 -16.0976 -16.0707 -15.5383 -15.2722 -14.9345
3.54419 42.016 10332.9 -15.6848 -15.844 -15.9179 -15.9117 -15.8047 -15.09 -14.7476 -14.3415
3.8626 41.8773 9124.66 -15.5811 -15.6946 -15.715 -15.639 -15.433 -14.5114 -14.0589 -13.5893
4.20962 41.7137 7943.24 -15.4076 -15.4684 -15.4261 -15.2507 -14.9192 -13.7362 -13.1316 -12.6023
4.58782 41.5207 6798.31 -15.1443 -15.1281 -15.0012 -14.6942 -14.1956 -12.6901 -11.8808 -11.3054
5 41.2926 5702.18 -14.7435 -14.6309 -14.3878 -13.9036 -13.1783 -11.2905 -10.1826 -9.63471
