0.001 39.5453 657106 1.28583 0.856021 0.496021 0.035835 -0.424165 0.353038 0.163224 -0.0967759
0.00108984 40.0259 637066 0.0480509 -0.377243 -0.737243 -1.20195 -1.66195 -0.952536 -1.13783 -1.39783
0.00118775 40.467 617638 -1.08957 -1.51049 -1.87049 -2.33957 -2.79957 -2.15588 -2.33679 -2.59679
0.00129446 40.8716 598802 -2.13717 -2.55717 -2.91717 -3.38717 -3.84359 -3.26723 -3.44723 -3.70723
0.00141076 41.243 580540 -3.10078 -3.52078 -3.88078 -4.35078 -4.80279 -4.29267 -4.47267 -4.73267
0.00153751 41.5837 562836 -3.9881 -4.41054 -4.77054 -5.2381 -5.69054 -5.24223 -5.42467 -5.68223
0.00167564 41.8963 545671 -4.80525 -5.23214 -5.59214 -6.05525 -6.51214 -6.12169 -6.30858 -6.56169
0.00182618 42.1831 529030 -5.55887 -5.98887 -6.34887 -6.80887 -7.26887 -6.93694 -7.12565 -7.37565
0.00199025 42.4463 512896 -6.25725 -6.68725 -7.04725 -7.50725 -7.96725 -7.69811 -7.88233 -8.13233
0.00216905 42.6878 497254 -6.90036 -7.33036 -7.69036 -8.15036 -8.61036 -8.40197 -8.58197 -8.8321
0.00236392 42.9094 482089 -7.49956 -7.92956 -8.28956 -8.74956 -9.20956 -9.05541 -9.23541 -9.49007
0.0025763 43.1128 467387 -8.05171 -8.48171 -8.84171 -9.30171 -9.76171 -9.66016 -9.84016 -10.0992
0.00280776 43.2993 453133 -8.56652 -8.99652 -9.35299 -9.81652 -10.273 -10.2253 -10.4053 -10.6653
0.00306001 43.4705 439314 -9.04308 -9.47308 -9.82514 -10.2931 -10.7451 -10.7504 -10.9304 -11.1904
0.00333493 43.6276 425916 -9.48703 -9.91465 -10.267 -10.7346 -11.187 -11.2409 -11.4209 -11.6809
0.00363454 43.7717 412927 -9.90077 -10.3239 -10.6808 -11.1439 -11.6008 -11.6992 -11.8792 -12.1392
0.00396108 43.904 400334 -10.2842 -10.7042 -11.0642 -11.5242 -11.9842 -12.1266 -12.3066 -12.5666
0.00431695 44.0253 388125 -10.6414 -11.0614 -11.4214 -11.8814 -12.3414 -12.5286 -12.7086 -12.9686
0.00470479 44.1366 376289 -10.9721 -11.3921 -11.7521 -12.2121 -12.672 -12.9028 -13.0828 -13.3428
0.00512747 44.2388 364813 -11.2863 -11.7063 -12.0663 -12.5263 -12.9817 -13.2577 -13.4377 -13.6977
0.00558813 44.3325 353687 -11.5776 -11.9976 -12.3576 -12.8176 -13.2686 -13.5885 -13.7685 -14.0285
0.00609018 44.4185 342901 -11.8544 -12.2744 -12.6344 -13.0944 -13.5444 -13.9022 -14.0822 -14.3387
0.00663733 44.4974 332444 -12.1135 -12.5335 -12.8935 -13.3535 -13.8035 -14.1967 -14.3767 -14.6288
0.00723364 44.5698 322305 -12.3589 -12.7789 -13.1365 -13.5965 -14.0489 -14.4752 -14.6552 -14.9052
0.00788352 44.636 312476 -12.5912 -13.0112 -13.3644 -13.8244 -14.2812 -14.7387 -14.9187 -15.1687
0.00859178 44.6963 302946 -12.8079 -13.2279 -13.5791 -14.0391 -14.4979 -14.9862 -15.1662 -15.4162
0.00936368 44.7505 293707 -13.0108 -13.4308 -13.7864 -14.2464 -14.7008 -15.2205 -15.4005 -15.6505
0.0102049 44.7977 284750 -13.1941 -13.6141 -13.9741 -14.4341 -14.8841 -15.4343 -15.6143 -15.8643
0.0111218 44.8356 276066 -13.3657 -13.7857 -14.1412 -14.6012 -15.0512 -15.6285 -15.8085 -16.0585
0.0121209 44.8602 267647 -13.5018 -13.9218 -14.2729 -14.7329 -15.1829 -15.7865 -15.9665 -16.2165
0.0132099 44.8672 259485 -13.5957 -14.0157 -14.3657 -14.8257 -15.2757 -15.9028 -16.0828 -16.3293
0.0143967 44.8553 251571 -13.6411 -14.0611 -14.4111 -14.8711 -15.3211 -15.9703 -16.1503 -16.3924
0.0156901 44.8277 243899 -13.6497 -14.0697 -14.4197 -14.8797 -15.3297 -15.9988 -16.1765 -16.4188
0.0170998 44.7896 236461 -13.6348 -14.0548 -14.4048 -14.8648 -15.3148 -16.0017 -16.175 -16.4217
0.018636 44.7458 229249 -13.6055 -14.0255 -14.3755 -14.8355 -15.2843 -15.9877 -16.1588 -16.4077
0.0203103 44.699 222258 -13.5737 -13.9937 -14.3437 -14.8037 -15.2481 -15.9649 -16.1406 -16.3849
0.022135 44.6506 215480 -13.5356 -13.9556 -14.3056 -14.7656 -15.2056 -15.9355 -16.1155 -16.3555
0.0241237 44.6016 208908 -13.4989 -13.9189 -14.2689 -14.7289 -15.1689 -15.9124 -16.0879 -16.3279
0.026291 44.5522 202537 -13.4587 -13.8787 -14.2287 -14.6887 -15.1287 -15.8854 -16.0565 -16.2965
0.028653 44.5039 196361 -13.4267 -13.8467 -14.1967 -14.6567 -15.0967 -15.8601 -16.0334 -16.2701
0.0312272 44.4544 190372 -13.3913 -13.8113 -14.1613 -14.6213 -15.0613 -15.8291 -16.0069 -16.2391
0.0340327 44.4049 184566 -13.3585 -13.7785 -14.1285 -14.5863 -15.0263 -15.8008 -15.9785 -16.2085
0.0370903 44.3555 178938 -13.3286 -13.7486 -14.0986 -14.5519 -14.9919 -15.7753 -15.9486 -16.1786
0.0404225 44.3062 173481 -13.2975 -13.7175 -14.0675 -14.5175 -14.9575 -15.7475 -15.9175 -16.1475
0.0440541 44.2569 168190 -13.2688 -13.6888 -14.0388 -14.4888 -14.9288 -15.7188 -15.8888 -16.1188
0.048012 44.2078 163061 -13.2374 -13.6574 -14.0074 -14.4574 -14.8974 -15.6874 -15.8574 -16.0874
0.0523255 44.1589 158088 -13.2145 -13.63 -13.98 -14.43 -14.8656 -15.66 -15.83 -16.06
0.0570265 44.1101 153267 -13.1891 -13.6003 -13.9503 -14.4003 -14.8314 -15.6303 -15.8003 -16.0303
0.0621498 44.0615 148593 -13.1629 -13.5763 -13.9229 -14.3729 -14.8063 -15.6029 -15.7729 -16.0029
0.0677335 44.0132 144061 -13.1351 -13.5529 -13.8951 -14.3451 -14.7829 -15.5751 -15.7451 -15.9751
0.0738187 43.9653 139668 -13.1106 -13.5284 -13.8706 -14.3184 -14.7584 -15.5484 -15.7184 -15.9462
0.0804507 43.9177 135408 -13.0897 -13.5031 -13.8497 -14.2931 -14.7331 -15.5231 -15.6931 -15.9164
0.0876786 43.8706 131279 -13.0686 -13.4786 -13.8286 -14.2686 -14.7075 -15.4975 -15.6665 -15.8865
0.0955557 43.824 127275 -13.051 -13.461 -13.811 -14.251 -14.6855 -15.4755 -15.64 -15.86
0.104141 43.7781 123393 -13.0321 -13.4421 -13.7921 -14.2321 -14.6622 -15.4522 -15.6124 -15.8324
0.113497 43.733 119630 -13.0187 -13.4287 -13.7743 -14.2143 -14.6443 -15.4299 -15.5943 -15.8099
0.123693 43.6888 115982 -13.0048 -13.4148 -13.756 -14.196 -14.626 -15.4072 -15.576 -15.7872
0.134806 43.6456 112445 -12.9953 -13.4053 -13.7453 -14.1853 -14.612 -15.3888 -15.5588 -15.7688
0.146917 43.6036 109016 -12.9877 -13.3977 -13.7377 -14.1777 -14.6 -15.3723 -15.5423 -15.7523
0.160117 43.563 105691 -12.9837 -13.3937 -13.7337 -14.1716 -14.5916 -15.3616 -15.5295 -15.7395
0.174502 43.5239 102468 -12.9841 -13.3941 -13.7341 -14.1675 -14.5875 -15.3575 -15.521 -15.731
0.190179 43.4865 99342.9 -12.9872 -13.3963 -13.7363 -14.1663 -14.5872 -15.3553 -15.5153 -15.7243
0.207265 43.451 96313.2 -12.9973 -13.4018 -13.7418 -14.1718 -14.5973 -15.3563 -15.5163 -15.7209
0.225886 43.4174 93376 -13.0093 -13.4094 -13.7494 -14.1794 -14.6093 -15.3596 -15.5196 -15.7198
0.24618 43.3859 89422.5 -13.0687 -13.4687 -13.8087 -14.2387 -14.6564 -15.4064 -15.5603 -15.7603
0.268298 43.3566 85216.4 -13.147 -13.547 -13.884 -14.314 -14.724 -15.468 -15.621 -15.818
0.292402 43.3294 81208.1 -13.2295 -13.6295 -13.9597 -14.3897 -14.7997 -15.53 -15.6898 -15.88
0.318672 43.3044 77388.4 -13.3136 -13.7136 -14.0504 -14.4736 -14.8836 -15.6 -15.76 -15.95
0.347301 43.2815 73748.4 -13.4051 -13.8051 -14.1414 -14.5614 -14.9677 -15.6777 -15.834 -16.0202
0.378504 43.2606 70279.6 -13.5033 -13.9028 -14.2328 -14.6528 -15.0528 -15.7611 -15.9111 -16.0911
0.412509 43.2415 66973.9 -13.6086 -14.0011 -14.3311 -14.7511 -15.1511 -15.8386 -15.9886 -16.1686
0.449569 43.2242 63823.7 -13.7132 -14.1076 -14.4332 -14.8488 -15.2488 -15.9243 -16.0699 -16.2454
0.489959 43.2084 60821.7 -13.8191 -14.2178 -14.5378 -14.9478 -15.3465 -16.0139 -16.1539 -16.3226
0.533978 43.194 57960.9 -13.9353 -14.3271 -14.6471 -15.0571 -15.4489 -16.1024 -16.2424 -16.4042
0.581951 43.1809 55234.7 -14.0499 -14.4399 -14.7599 -15.1648 -15.5496 -16.1945 -16.3293 -16.4893
0.634235 43.1688 52636.7 -14.1661 -14.554 -14.874 -15.272 -15.652 -16.2859 -16.4159 -16.5739
0.691215 43.1576 50160.8 -14.2896 -14.6707 -14.9907 -15.3818 -15.7618 -16.375 -16.505 -16.6561
0.753315 43.1473 47801.5 -14.4108 -14.7908 -15.105 -15.495 -15.8691 -16.4674 -16.5974 -16.7356
0.820994 43.1376 45553.1 -14.5313 -14.9113 -15.2185 -15.6057 -15.9757 -16.5575 -16.6847 -16.8147
0.894753 43.1284 43410.5 -14.6523 -15.0323 -15.3327 -15.7131 -16.0831 -16.6442 -16.7646 -16.8946
0.975139 43.1017 41193.2 -14.7444 -15.1173 -15.4173 -15.7973 -16.1529 -16.6985 -16.8185 -16.9342
1.06275 43.0853 39030 -14.8662 -15.2313 -15.5313 -15.9064 -16.2514 -16.7766 -16.8917 -16.9968
1.15823 43.0671 36940.2 -14.983 -15.3458 -15.643 -16.0102 -16.3474 -16.8491 -16.9563 -17.0507
1.26228 43.0466 34917.5 -15.0932 -15.4624 -15.7515 -16.1107 -16.4399 -16.9174 -17.0166 -17.0958
1.37569 43.0234 32955.1 -15.2095 -15.5704 -15.8512 -16.2021 -16.523 -16.9757 -17.0666 -17.1374
1.49928 42.9972 31046.7 -15.3163 -15.6686 -15.9486 -16.2909 -16.6032 -17.0224 -17.1124 -17.167
1.63398 42.9671 29185.8 -15.4187 -15.7687 -16.0422 -16.3756 -16.679 -17.0627 -17.1396 -17.1764
1.78078 42.9326 27366.3 -15.5172 -15.8613 -16.1313 -16.4497 -16.7439 -17.0849 -17.1491 -17.1733
1.94077 42.8929 25582.3 -15.611 -15.9455 -16.2101 -16.5146 -16.7937 -17.0918 -17.1463 -17.1499
2.11513 42.8469 23828.5 -15.6938 -16.0238 -16.2782 -16.5725 -16.8312 -17.083 -17.1217 -17.1005
2.30515 42.7934 22099.9 -15.7715 -16.0886 -16.3322 -16.6158 -16.8529 -17.0443 -17.0679 -17.0186
2.51225 42.731 20392.5 -15.8378 -16.1398 -16.3719 -16.636 -16.8502 -16.9726 -16.9767 -16.9008
2.73796 42.6582 18703.6 -15.8801 -16.1796 -16.3993 -16.6288 -16.8279 -16.876 -16.8455 -16.7347
2.98394 42.5729 17031.7 -15.9156 -16.1919 -16.3981 -16.6043 -16.763 -16.7129 -16.6554 -16.5041
3.25202 42.4727 15377.4 -15.922 -16.1836 -16.3669 -16.5417 -16.6566 -16.498 -16.4028 -16.1993
3.54419 42.3549 13743.8 -15.9035 -16.1345 -16.2955 -16.4264 -16.4884 -16.1978 -16.0397 -15.7862
3.8626 42.2163 12136.6 -15.8447 -16.0501 -16.1678 -16.2486 -16.2493 -15.7862 -15.5547 -15.2378
4.20962 42.0527 10565.2 -15.7318 -15.8974 -15.9809 -15.9843 -15.8934 -15.2173 -14.8942 -14.4977
4.58782 41.8597 9042.37 -15.5528 -15.6638 -15.6802 -15.5977 -15.3851 -14.4464 -13.9848 -13.5113
5 41.6316 7584.42 -15.2744 -15.3155 -15.2469 -15.0388 -14.6613 -13.3864 -12.7293 -12.1804
